1.074610000000000047e-16 0.000000000000000000e+00
1.240940000000000054e-16 0.000000000000000000e+00
1.433009999999999988e-16 0.000000000000000000e+00
1.654819999999999889e-16 0.000000000000000000e+00
1.910950000000000020e-16 0.000000000000000000e+00
2.206729999999999967e-16 0.000000000000000000e+00
2.548299999999999914e-16 0.000000000000000000e+00
2.942729999999999995e-16 0.000000000000000000e+00
3.398209999999999854e-16 0.000000000000000000e+00
3.924190000000000071e-16 0.000000000000000000e+00
4.531580000000000165e-16 0.000000000000000000e+00
5.232990000000000256e-16 0.000000000000000000e+00
6.042960000000000084e-16 0.000000000000000000e+00
6.978310000000000580e-16 0.000000000000000000e+00
8.058419999999999311e-16 0.000000000000000000e+00
9.305720000000000863e-16 0.000000000000000000e+00
1.074609999999999923e-15 0.000000000000000000e+00
1.240940000000000005e-15 0.000000000000000000e+00
1.433009999999999988e-15 0.000000000000000000e+00
1.654819999999999938e-15 0.000000000000000000e+00
1.910950000000000020e-15 0.000000000000000000e+00
2.206729999999999868e-15 0.000000000000000000e+00
2.548299999999999618e-15 0.000000000000000000e+00
2.942730000000000389e-15 0.000000000000000000e+00
3.398210000000000052e-15 0.000000000000000000e+00
3.924189999999999578e-15 0.000000000000000000e+00
4.531580000000000165e-15 0.000000000000000000e+00
5.232989999999999861e-15 0.000000000000000000e+00
6.042959999999999886e-15 0.000000000000000000e+00
6.978309999999999594e-15 0.000000000000000000e+00
8.058419999999999705e-15 0.000000000000000000e+00
9.305719999999999285e-15 0.000000000000000000e+00
1.074610000000000002e-14 0.000000000000000000e+00
1.240940000000000005e-14 0.000000000000000000e+00
1.433010000000000146e-14 0.000000000000000000e+00
1.654819999999999859e-14 0.000000000000000000e+00
1.910950000000000178e-14 0.000000000000000000e+00
2.206730000000000105e-14 0.000000000000000000e+00
2.548299999999999855e-14 0.000000000000000000e+00
2.942730000000000074e-14 0.000000000000000000e+00
3.398209999999999815e-14 0.000000000000000000e+00
3.924190000000000367e-14 0.000000000000000000e+00
4.531579999999999534e-14 0.000000000000000000e+00
5.232990000000000177e-14 0.000000000000000000e+00
6.042959999999999729e-14 0.000000000000000000e+00
6.978310000000000383e-14 0.000000000000000000e+00
8.058419999999999705e-14 0.000000000000000000e+00
9.305719999999999601e-14 0.000000000000000000e+00
1.074610000000000128e-13 0.000000000000000000e+00
1.240939999999999910e-13 0.000000000000000000e+00
1.433010000000000020e-13 0.000000000000000000e+00
1.654820000000000112e-13 0.000000000000000000e+00
1.910950000000000051e-13 0.000000000000000000e+00
2.206729999999999979e-13 0.000000000000000000e+00
2.548299999999999855e-13 0.000000000000000000e+00
2.942729999999999821e-13 0.000000000000000000e+00
3.398210000000000320e-13 0.000000000000000000e+00
3.924190000000000367e-13 0.000000000000000000e+00
4.531580000000000165e-13 0.000000000000000000e+00
5.232989999999999293e-13 0.000000000000000000e+00
6.042960000000000738e-13 0.000000000000000000e+00
6.978310000000000383e-13 0.000000000000000000e+00
8.058419999999999705e-13 0.000000000000000000e+00
9.305719999999998843e-13 0.000000000000000000e+00
1.074610000000000002e-12 0.000000000000000000e+00
1.240939999999999961e-12 0.000000000000000000e+00
1.433009999999999970e-12 0.000000000000000000e+00
1.654820000000000011e-12 0.000000000000000000e+00
1.910950000000000051e-12 0.000000000000000000e+00
2.206730000000000231e-12 0.000000000000000000e+00
2.548299999999999956e-12 0.000000000000000000e+00
2.942730000000000326e-12 0.000000000000000000e+00
3.398209999999999916e-12 0.000000000000000000e+00
3.924190000000000468e-12 0.000000000000000000e+00
4.531580000000000367e-12 0.000000000000000000e+00
5.232989999999999899e-12 0.000000000000000000e+00
6.042960000000000334e-12 0.000000000000000000e+00
6.978309999999999979e-12 0.000000000000000000e+00
8.058419999999999907e-12 0.000000000000000000e+00
9.305719999999999247e-12 0.000000000000000000e+00
1.074609999999999921e-11 0.000000000000000000e+00
1.240940000000000001e-11 0.000000000000000000e+00
1.433010000000000010e-11 0.000000000000000000e+00
1.654819999999999849e-11 0.000000000000000000e+00
1.910950000000000132e-11 0.000000000000000000e+00
2.206729999999999989e-11 0.000000000000000000e+00
2.548299999999999875e-11 0.000000000000000000e+00
2.942730000000000084e-11 0.000000000000000000e+00
3.398209999999999916e-11 0.000000000000000000e+00
3.924190000000000306e-11 0.000000000000000000e+00
4.531580000000000367e-11 0.000000000000000000e+00
5.232989999999999576e-11 0.000000000000000000e+00
6.042959999999999365e-11 0.000000000000000000e+00
6.978309999999999656e-11 0.000000000000000000e+00
8.058419999999998938e-11 0.000000000000000000e+00
9.305720000000001186e-11 0.000000000000000000e+00
1.074610000000000051e-10 0.000000000000000000e+00
1.240939999999999904e-10 0.000000000000000000e+00
1.433010000000000204e-10 0.000000000000000000e+00
1.654819999999999979e-10 0.000000000000000000e+00
1.910949999999999744e-10 0.000000000000000000e+00
2.206729999999999989e-10 0.000000000000000000e+00
2.548299999999999875e-10 0.000000000000000000e+00
2.942729999999999825e-10 0.000000000000000000e+00
3.398209999999999787e-10 0.000000000000000000e+00
3.924190000000000177e-10 0.000000000000000000e+00
4.531579999999999979e-10 0.000000000000000000e+00
5.232989999999999318e-10 0.000000000000000000e+00
6.042960000000000399e-10 0.000000000000000000e+00
6.978309999999999656e-10 0.000000000000000000e+00
8.058419999999999972e-10 0.000000000000000000e+00
9.305719999999999377e-10 0.000000000000000000e+00
1.074610000000000077e-09 0.000000000000000000e+00
1.240939999999999853e-09 0.000000000000000000e+00
1.433009999999999997e-09 0.000000000000000000e+00
1.654819999999999875e-09 0.000000000000000000e+00
1.910949999999999900e-09 0.000000000000000000e+00
2.206729999999999885e-09 0.000000000000000000e+00
2.548299999999999979e-09 0.000000000000000000e+00
2.942730000000000239e-09 0.000000000000000000e+00
3.398209999999999994e-09 0.000000000000000000e+00
3.924189999999999453e-09 0.000000000000000000e+00
4.531579999999999772e-09 0.000000000000000000e+00
5.232989999999999731e-09 0.000000000000000000e+00
6.042959999999999572e-09 0.000000000000000000e+00
6.978309999999999242e-09 0.000000000000000000e+00
8.058419999999999972e-09 0.000000000000000000e+00
9.305720000000000824e-09 0.000000000000000000e+00
1.074609999999999952e-08 0.000000000000000000e+00
1.240939999999999894e-08 0.000000000000000000e+00
1.433010000000000038e-08 0.000000000000000000e+00
1.654820000000000123e-08 0.000000000000000000e+00
1.910949999999999982e-08 0.000000000000000000e+00
2.206729999999999803e-08 0.000000000000000000e+00
2.548300000000000061e-08 0.000000000000000000e+00
2.942729999999999908e-08 0.000000000000000000e+00
3.398210000000000490e-08 0.000000000000000000e+00
3.924190000000000280e-08 0.000000000000000000e+00
4.531580000000000268e-08 0.000000000000000000e+00
5.232990000000000062e-08 0.000000000000000000e+00
6.042959999999999737e-08 0.000000000000000000e+00
6.978310000000000235e-08 0.000000000000000000e+00
8.058419999999999972e-08 0.000000000000000000e+00
9.305719999999999501e-08 0.000000000000000000e+00
1.074609999999999986e-07 0.000000000000000000e+00
1.240939999999999993e-07 0.000000000000000000e+00
1.433009999999999939e-07 0.000000000000000000e+00
1.654819999999999991e-07 0.000000000000000000e+00
1.910950000000000048e-07 0.000000000000000000e+00
2.206730000000000067e-07 0.000000000000000000e+00
2.548300000000000127e-07 0.000000000000000000e+00
2.942730000000000305e-07 0.000000000000000000e+00
3.398210000000000093e-07 0.000000000000000000e+00
3.924189999999999883e-07 0.000000000000000000e+00
4.531580000000000136e-07 0.000000000000000000e+00
5.232990000000000062e-07 0.000000000000000000e+00
6.042960000000000796e-07 0.000000000000000000e+00
6.978310000000000235e-07 0.000000000000000000e+00
8.058419999999999707e-07 0.000000000000000000e+00
9.305720000000000030e-07 0.000000000000000000e+00
1.074609999999999906e-06 0.000000000000000000e+00
1.240940000000000099e-06 0.000000000000000000e+00
1.433009999999999939e-06 0.000000000000000000e+00
1.654819999999999938e-06 0.000000000000000000e+00
1.910949999999999890e-06 0.000000000000000000e+00
2.206729999999999961e-06 0.000000000000000000e+00
2.548300000000000233e-06 0.000000000000000000e+00
2.942730000000000199e-06 0.000000000000000000e+00
3.398210000000000199e-06 0.000000000000000000e+00
3.924189999999999777e-06 0.000000000000000000e+00
4.531580000000000242e-06 0.000000000000000000e+00
5.232989999999999850e-06 0.000000000000000000e+00
6.042960000000000161e-06 0.000000000000000000e+00
6.978310000000000447e-06 0.000000000000000000e+00
8.058420000000000342e-06 0.000000000000000000e+00
9.305719999999999395e-06 0.000000000000000000e+00
1.074610000000000033e-05 0.000000000000000000e+00
1.240940000000000015e-05 0.000000000000000000e+00
1.433010000000000024e-05 0.000000000000000000e+00
1.654820000000000192e-05 0.000000000000000000e+00
1.910950000000000059e-05 0.000000000000000000e+00
2.206729999999999792e-05 0.000000000000000000e+00
2.548299999999999979e-05 0.000000000000000000e+00
2.942729999999999860e-05 0.000000000000000000e+00
3.398210000000000114e-05 0.000000000000000000e+00
3.924190000000000116e-05 0.000000000000000000e+00
4.531580000000000411e-05 0.000000000000000000e+00
5.232990000000000189e-05 0.000000000000000000e+00
6.042960000000000161e-05 0.000000000000000000e+00
6.978309999999999938e-05 0.000000000000000000e+00
8.058420000000000004e-05 0.000000000000000000e+00
9.305720000000000072e-05 0.000000000000000000e+00
1.074610000000000067e-04 0.000000000000000000e+00
1.240939999999999947e-04 0.000000000000000000e+00
1.433010000000000024e-04 0.000000000000000000e+00
1.654819999999999989e-04 0.000000000000000000e+00
1.910950000000000127e-04 0.000000000000000000e+00
2.206730000000000063e-04 0.000000000000000000e+00
2.548299999999999979e-04 0.000000000000000000e+00
2.942730000000000064e-04 0.000000000000000000e+00
3.398210000000000250e-04 0.000000000000000000e+00
3.924190000000000252e-04 0.000000000000000000e+00
4.531580000000000005e-04 0.000000000000000000e+00
5.232989999999999647e-04 1.044150524538950873e+50
6.042960000000000432e-04 1.048794131885618634e+50
6.978309999999999938e-04 1.053437293684466495e+50
8.058419999999999733e-04 1.058080286712241791e+50
9.305719999999999530e-04 1.062722608555580620e+50
1.074609999999999932e-03 1.068021212628497714e+50
1.240940000000000055e-03 1.069676252143893248e+50
1.433009999999999970e-03 1.071772410018927509e+50
1.654819999999999989e-03 1.074443323982193312e+50
1.910950000000000018e-03 1.078090486652575100e+50
2.206730000000000063e-03 1.082770239222961343e+50
2.548299999999999871e-03 1.088835332074329035e+50
2.942730000000000172e-03 1.096691676251891571e+50
3.398210000000000033e-03 1.107452146096528225e+50
3.924190000000000143e-03 1.121253217110956012e+50
4.531580000000000330e-03 1.138843072183800436e+50
5.232989999999999864e-03 1.160878446026567332e+50
6.042959999999999998e-03 1.189729868128514201e+50
6.978309999999999721e-03 1.223594792067395691e+50
8.058420000000000166e-03 1.263366485230828106e+50
9.305719999999999964e-03 1.308196554660410945e+50
1.074609999999999975e-02 1.361326568340398546e+50
1.240939999999999925e-02 1.413487026072407515e+50
1.433010000000000013e-02 1.464272089786760670e+50
1.654819999999999902e-02 1.511221941995797892e+50
1.910950000000000149e-02 1.551442444111978074e+50
2.206730000000000150e-02 1.586039891926784067e+50
2.548299999999999871e-02 1.610191339776352417e+50
2.942729999999999999e-02 1.610386451682779293e+50
3.398210000000000119e-02 1.582346202864771087e+50
3.924190000000000317e-02 1.525256400024977459e+50
4.531580000000000330e-02 1.449033419176351260e+50
5.232989999999999864e-02 1.360922193643092416e+50
6.042959999999999998e-02 1.252307501271922711e+50
6.978310000000000068e-02 1.125273719943170929e+50
8.058419999999999472e-02 9.820427133231989731e+49
9.305720000000000658e-02 8.275872479372671024e+49
1.074610000000000010e-01 6.707144221864133021e+49
1.240939999999999960e-01 5.351987319138215042e+49
1.433010000000000117e-01 4.200534717591659894e+49
1.654819999999999902e-01 3.249079833004414723e+49
1.910949999999999871e-01 2.456620680800126443e+49
2.206730000000000080e-01 1.867068415478181676e+49
2.548300000000000010e-01 1.405691194764971924e+49
2.942730000000000068e-01 1.048913230999769398e+49
3.398209999999999842e-01 7.718359993164440764e+48
3.924190000000000178e-01 5.765301946902516529e+48
4.531580000000000052e-01 4.293884442962812278e+48
5.232989999999999586e-01 3.190127705872535453e+48
6.042960000000000553e-01 2.352630319337016441e+48
6.978309999999999791e-01 1.766422371709286289e+48
8.058419999999999472e-01 1.325305085878100178e+48
9.305719999999999548e-01 9.928942580397305498e+47
1.074610000000000065e+00 7.360135683582328984e+47
1.240939999999999932e+00 5.560122265404342505e+47
1.433009999999999895e+00 4.191697883510204075e+47
1.654819999999999958e+00 3.152416968403592411e+47
1.910949999999999926e+00 2.341619620023600511e+47
2.206729999999999858e+00 1.773056013063648235e+47
2.548299999999999788e+00 1.339188643483962816e+47
2.942730000000000068e+00 1.008648201045761648e+47
3.398210000000000175e+00 7.502208474605619555e+46
3.924189999999999845e+00 5.681071212721247220e+46
4.531579999999999941e+00 4.288509452993939893e+46
5.232990000000000030e+00 3.226188614918131644e+46
6.042959999999999887e+00 2.398306183545180022e+46
6.978309999999999569e+00 1.814293407522874439e+46
8.058419999999999916e+00 1.369219641921971143e+46
9.305720000000000880e+00 1.030806253979685999e+46
1.074610000000000021e+01 7.677722286845783967e+45
1.240939999999999976e+01 5.821269112789246164e+45
1.433009999999999984e+01 4.403485782744867623e+45
1.654820000000000135e+01 3.321849995498005362e+45
1.910950000000000060e+01 2.473159396415609323e+45
2.206729999999999947e+01 1.875557939012935435e+45
2.548300000000000054e+01 1.418359739094403155e+45
2.942729999999999890e+01 1.069451472301727545e+45
3.398210000000000264e+01 7.949764095003392309e+44
3.924190000000000111e+01 6.029296531532401347e+44
4.531580000000000297e+01 4.562526480738628644e+44
5.232990000000000208e+01 3.443863892625286930e+44
6.042960000000000065e+01 2.562128343713796115e+44
6.978310000000000457e+01 1.946124036487495759e+44
8.058419999999999561e+01 1.474898565386450724e+44
9.305719999999999459e+01 1.114784469111213002e+44
1.074609999999999985e+02 8.297948245365285407e+43
1.240939999999999941e+02 6.305541202260012197e+43
1.433009999999999877e+02 4.779023760988415853e+43
1.654819999999999993e+02 3.611132562897799507e+43
1.910949999999999989e+02 2.685506235906301639e+43
2.206730000000000018e+02 2.039118210737852584e+43
2.548300000000000125e+02 1.544063556819557800e+43
2.942730000000000246e+02 1.165558886712798939e+43
3.398210000000000264e+02 8.656418362019305850e+42
3.924189999999999827e+02 6.565548418785728358e+42
4.531580000000000155e+02 4.965532953995988223e+42
5.232989999999999782e+02 3.743353783683524769e+42
6.042960000000000491e+02 2.775508343809903903e+42
6.978310000000000173e+02 2.102018168020221194e+42
8.058419999999999845e+02 1.587225825436920062e+42
9.305720000000000027e+02 1.194480627309290199e+42
1.074609999999999900e+03 8.837330746472579274e+41
1.240940000000000055e+03 6.679868983516056669e+41
1.433009999999999991e+03 5.033231162702323532e+41
1.654819999999999936e+03 3.778948551773302236e+41
1.910950000000000045e+03 2.787834214170511780e+41
2.206730000000000018e+03 2.101688691339690527e+41
2.548300000000000182e+03 1.579065506657651055e+41
2.942730000000000018e+03 1.181863672365625950e+41
3.398210000000000036e+03 8.685256819008162894e+40
3.924190000000000055e+03 6.524681503394495130e+40
4.531579999999999927e+03 4.883516642201538624e+40
5.232989999999999782e+03 3.639958834948510651e+40
6.042960000000000036e+03 2.661232738846148689e+40
6.978310000000000400e+03 1.989952785030401847e+40
8.058420000000000073e+03 1.481946283848262503e+40
9.305719999999999345e+03 1.098559219053415083e+40
1.074610000000000036e+04 7.977316286315030704e+39
1.240939999999999964e+04 5.928800599090551689e+39
1.433010000000000036e+04 4.386158641535424896e+39
1.654820000000000073e+04 3.228075267449217657e+39
1.910950000000000000e+04 2.323090813530747368e+39
2.206729999999999927e+04 1.712661211753056601e+39
2.548300000000000000e+04 1.255998887092072863e+39
2.942729999999999927e+04 9.156246370212465895e+38
3.398209999999999854e+04 6.510603746891668500e+38
3.924190000000000146e+04 4.749103852466059600e+38
4.531580000000000291e+04 3.442951672312083962e+38
5.232990000000000146e+04 2.478740407782502696e+38
6.042959999999999854e+04 1.734675509004041504e+38
6.978310000000000582e+04 1.247861143515440431e+38
8.058419999999999709e+04 8.911642206024213088e+37
9.305719999999999709e+04 6.312112977116482731e+37
1.074610000000000000e+05 4.325283450288720531e+37
1.240940000000000000e+05 3.055587583855195944e+37
1.433010000000000000e+05 2.139863486713773827e+37
1.654820000000000000e+05 1.483774504930066009e+37
1.910950000000000000e+05 9.887295852094419548e+36
2.206730000000000000e+05 6.821474278722637194e+36
2.548300000000000000e+05 4.656438657635990481e+36
2.942730000000000000e+05 3.140188887765918745e+36
3.398210000000000000e+05 2.015564558603579324e+36
3.924190000000000000e+05 1.348071438744319855e+36
4.531580000000000000e+05 8.898291116640649755e+35
5.232990000000000000e+05 5.785610199442760565e+35
6.042960000000000000e+05 3.530023532233749042e+35
6.978310000000000000e+05 2.266531761416651709e+35
8.058420000000000000e+05 1.431545032848452677e+35
9.305720000000000000e+05 8.872268728160384273e+34
1.074610000000000000e+06 5.051074096233304843e+34
1.240940000000000000e+06 3.073662568164780152e+34
1.433010000000000000e+06 1.832243507052756949e+34
1.654820000000000000e+06 1.066444775110893785e+34
1.910950000000000000e+06 5.517606425226032581e+33
2.206730000000000000e+06 3.128532192711726899e+33
2.548300000000000000e+06 1.728664982572454541e+33
2.942730000000000000e+06 9.267604691299966693e+32
3.398210000000000000e+06 4.192088088881211955e+32
3.924190000000000000e+06 2.164862596755902252e+32
4.531580000000000000e+06 1.082466626062326112e+32
5.232990000000000000e+06 5.210046869036008322e+31
6.042960000000000000e+06 1.942564940502419334e+31
6.978310000000000000e+06 8.851763809437213770e+30
8.058420000000000000e+06 3.876073256571962835e+30
9.305720000000000000e+06 1.618652289619034799e+30
1.074610000000000000e+07 4.522425197424638740e+29
1.240940000000000000e+07 1.734179383524950372e+29
1.433010000000000000e+07 6.341161538792177730e+28
1.654820000000000000e+07 2.197747076502762411e+28
1.910950000000000000e+07 3.891531892397292386e+27
2.206730000000000000e+07 1.157532895937611558e+27
2.548300000000000000e+07 3.247620330823288838e+26
2.942730000000000000e+07 8.737536783102899673e+25
3.398210000000000000e+07 7.566762471279704282e+24
3.924190000000000000e+07 1.499412552919341175e+24
4.531580000000000000e+07 2.663076220362649680e+23
5.232990000000000000e+07 4.571617837992015980e+22
6.042960000000000000e+07 1.217003015868030124e+21
6.978310000000000000e+07 8.586820082649930138e+19
8.058420000000000000e+07 1.841011780794116352e+18
9.305720000000000000e+07 0.000000000000000000e+00
