1.074610000000000047e-16 0.000000000000000000e+00
1.240940000000000054e-16 0.000000000000000000e+00
1.433009999999999988e-16 0.000000000000000000e+00
1.654819999999999889e-16 0.000000000000000000e+00
1.910950000000000020e-16 0.000000000000000000e+00
2.206729999999999967e-16 0.000000000000000000e+00
2.548299999999999914e-16 0.000000000000000000e+00
2.942729999999999995e-16 0.000000000000000000e+00
3.398209999999999854e-16 0.000000000000000000e+00
3.924190000000000071e-16 0.000000000000000000e+00
4.531580000000000165e-16 0.000000000000000000e+00
5.232990000000000256e-16 0.000000000000000000e+00
6.042960000000000084e-16 0.000000000000000000e+00
6.978310000000000580e-16 0.000000000000000000e+00
8.058419999999999311e-16 0.000000000000000000e+00
9.305720000000000863e-16 0.000000000000000000e+00
1.074609999999999923e-15 0.000000000000000000e+00
1.240940000000000005e-15 0.000000000000000000e+00
1.433009999999999988e-15 0.000000000000000000e+00
1.654819999999999938e-15 0.000000000000000000e+00
1.910950000000000020e-15 0.000000000000000000e+00
2.206729999999999868e-15 0.000000000000000000e+00
2.548299999999999618e-15 0.000000000000000000e+00
2.942730000000000389e-15 0.000000000000000000e+00
3.398210000000000052e-15 0.000000000000000000e+00
3.924189999999999578e-15 0.000000000000000000e+00
4.531580000000000165e-15 0.000000000000000000e+00
5.232989999999999861e-15 0.000000000000000000e+00
6.042959999999999886e-15 0.000000000000000000e+00
6.978309999999999594e-15 0.000000000000000000e+00
8.058419999999999705e-15 0.000000000000000000e+00
9.305719999999999285e-15 0.000000000000000000e+00
1.074610000000000002e-14 0.000000000000000000e+00
1.240940000000000005e-14 0.000000000000000000e+00
1.433010000000000146e-14 0.000000000000000000e+00
1.654819999999999859e-14 0.000000000000000000e+00
1.910950000000000178e-14 0.000000000000000000e+00
2.206730000000000105e-14 0.000000000000000000e+00
2.548299999999999855e-14 0.000000000000000000e+00
2.942730000000000074e-14 0.000000000000000000e+00
3.398209999999999815e-14 0.000000000000000000e+00
3.924190000000000367e-14 0.000000000000000000e+00
4.531579999999999534e-14 0.000000000000000000e+00
5.232990000000000177e-14 0.000000000000000000e+00
6.042959999999999729e-14 0.000000000000000000e+00
6.978310000000000383e-14 0.000000000000000000e+00
8.058419999999999705e-14 0.000000000000000000e+00
9.305719999999999601e-14 0.000000000000000000e+00
1.074610000000000128e-13 0.000000000000000000e+00
1.240939999999999910e-13 0.000000000000000000e+00
1.433010000000000020e-13 0.000000000000000000e+00
1.654820000000000112e-13 0.000000000000000000e+00
1.910950000000000051e-13 0.000000000000000000e+00
2.206729999999999979e-13 0.000000000000000000e+00
2.548299999999999855e-13 0.000000000000000000e+00
2.942729999999999821e-13 0.000000000000000000e+00
3.398210000000000320e-13 0.000000000000000000e+00
3.924190000000000367e-13 0.000000000000000000e+00
4.531580000000000165e-13 0.000000000000000000e+00
5.232989999999999293e-13 0.000000000000000000e+00
6.042960000000000738e-13 0.000000000000000000e+00
6.978310000000000383e-13 0.000000000000000000e+00
8.058419999999999705e-13 0.000000000000000000e+00
9.305719999999998843e-13 0.000000000000000000e+00
1.074610000000000002e-12 0.000000000000000000e+00
1.240939999999999961e-12 0.000000000000000000e+00
1.433009999999999970e-12 0.000000000000000000e+00
1.654820000000000011e-12 0.000000000000000000e+00
1.910950000000000051e-12 0.000000000000000000e+00
2.206730000000000231e-12 0.000000000000000000e+00
2.548299999999999956e-12 0.000000000000000000e+00
2.942730000000000326e-12 0.000000000000000000e+00
3.398209999999999916e-12 0.000000000000000000e+00
3.924190000000000468e-12 0.000000000000000000e+00
4.531580000000000367e-12 0.000000000000000000e+00
5.232989999999999899e-12 0.000000000000000000e+00
6.042960000000000334e-12 0.000000000000000000e+00
6.978309999999999979e-12 0.000000000000000000e+00
8.058419999999999907e-12 0.000000000000000000e+00
9.305719999999999247e-12 0.000000000000000000e+00
1.074609999999999921e-11 0.000000000000000000e+00
1.240940000000000001e-11 0.000000000000000000e+00
1.433010000000000010e-11 0.000000000000000000e+00
1.654819999999999849e-11 0.000000000000000000e+00
1.910950000000000132e-11 0.000000000000000000e+00
2.206729999999999989e-11 0.000000000000000000e+00
2.548299999999999875e-11 0.000000000000000000e+00
2.942730000000000084e-11 0.000000000000000000e+00
3.398209999999999916e-11 0.000000000000000000e+00
3.924190000000000306e-11 0.000000000000000000e+00
4.531580000000000367e-11 0.000000000000000000e+00
5.232989999999999576e-11 0.000000000000000000e+00
6.042959999999999365e-11 0.000000000000000000e+00
6.978309999999999656e-11 0.000000000000000000e+00
8.058419999999998938e-11 0.000000000000000000e+00
9.305720000000001186e-11 0.000000000000000000e+00
1.074610000000000051e-10 0.000000000000000000e+00
1.240939999999999904e-10 0.000000000000000000e+00
1.433010000000000204e-10 0.000000000000000000e+00
1.654819999999999979e-10 0.000000000000000000e+00
1.910949999999999744e-10 0.000000000000000000e+00
2.206729999999999989e-10 0.000000000000000000e+00
2.548299999999999875e-10 0.000000000000000000e+00
2.942729999999999825e-10 0.000000000000000000e+00
3.398209999999999787e-10 0.000000000000000000e+00
3.924190000000000177e-10 0.000000000000000000e+00
4.531579999999999979e-10 0.000000000000000000e+00
5.232989999999999318e-10 0.000000000000000000e+00
6.042960000000000399e-10 0.000000000000000000e+00
6.978309999999999656e-10 0.000000000000000000e+00
8.058419999999999972e-10 0.000000000000000000e+00
9.305719999999999377e-10 0.000000000000000000e+00
1.074610000000000077e-09 0.000000000000000000e+00
1.240939999999999853e-09 0.000000000000000000e+00
1.433009999999999997e-09 0.000000000000000000e+00
1.654819999999999875e-09 0.000000000000000000e+00
1.910949999999999900e-09 0.000000000000000000e+00
2.206729999999999885e-09 0.000000000000000000e+00
2.548299999999999979e-09 0.000000000000000000e+00
2.942730000000000239e-09 0.000000000000000000e+00
3.398209999999999994e-09 0.000000000000000000e+00
3.924189999999999453e-09 0.000000000000000000e+00
4.531579999999999772e-09 0.000000000000000000e+00
5.232989999999999731e-09 0.000000000000000000e+00
6.042959999999999572e-09 0.000000000000000000e+00
6.978309999999999242e-09 0.000000000000000000e+00
8.058419999999999972e-09 0.000000000000000000e+00
9.305720000000000824e-09 0.000000000000000000e+00
1.074609999999999952e-08 0.000000000000000000e+00
1.240939999999999894e-08 0.000000000000000000e+00
1.433010000000000038e-08 0.000000000000000000e+00
1.654820000000000123e-08 0.000000000000000000e+00
1.910949999999999982e-08 0.000000000000000000e+00
2.206729999999999803e-08 0.000000000000000000e+00
2.548300000000000061e-08 0.000000000000000000e+00
2.942729999999999908e-08 0.000000000000000000e+00
3.398210000000000490e-08 0.000000000000000000e+00
3.924190000000000280e-08 0.000000000000000000e+00
4.531580000000000268e-08 0.000000000000000000e+00
5.232990000000000062e-08 0.000000000000000000e+00
6.042959999999999737e-08 0.000000000000000000e+00
6.978310000000000235e-08 0.000000000000000000e+00
8.058419999999999972e-08 0.000000000000000000e+00
9.305719999999999501e-08 0.000000000000000000e+00
1.074609999999999986e-07 0.000000000000000000e+00
1.240939999999999993e-07 0.000000000000000000e+00
1.433009999999999939e-07 0.000000000000000000e+00
1.654819999999999991e-07 0.000000000000000000e+00
1.910950000000000048e-07 0.000000000000000000e+00
2.206730000000000067e-07 0.000000000000000000e+00
2.548300000000000127e-07 0.000000000000000000e+00
2.942730000000000305e-07 0.000000000000000000e+00
3.398210000000000093e-07 0.000000000000000000e+00
3.924189999999999883e-07 0.000000000000000000e+00
4.531580000000000136e-07 0.000000000000000000e+00
5.232990000000000062e-07 0.000000000000000000e+00
6.042960000000000796e-07 0.000000000000000000e+00
6.978310000000000235e-07 0.000000000000000000e+00
8.058419999999999707e-07 0.000000000000000000e+00
9.305720000000000030e-07 0.000000000000000000e+00
1.074609999999999906e-06 0.000000000000000000e+00
1.240940000000000099e-06 0.000000000000000000e+00
1.433009999999999939e-06 0.000000000000000000e+00
1.654819999999999938e-06 0.000000000000000000e+00
1.910949999999999890e-06 0.000000000000000000e+00
2.206729999999999961e-06 0.000000000000000000e+00
2.548300000000000233e-06 0.000000000000000000e+00
2.942730000000000199e-06 0.000000000000000000e+00
3.398210000000000199e-06 0.000000000000000000e+00
3.924189999999999777e-06 0.000000000000000000e+00
4.531580000000000242e-06 0.000000000000000000e+00
5.232989999999999850e-06 0.000000000000000000e+00
6.042960000000000161e-06 0.000000000000000000e+00
6.978310000000000447e-06 0.000000000000000000e+00
8.058420000000000342e-06 0.000000000000000000e+00
9.305719999999999395e-06 0.000000000000000000e+00
1.074610000000000033e-05 0.000000000000000000e+00
1.240940000000000015e-05 0.000000000000000000e+00
1.433010000000000024e-05 0.000000000000000000e+00
1.654820000000000192e-05 0.000000000000000000e+00
1.910950000000000059e-05 0.000000000000000000e+00
2.206729999999999792e-05 0.000000000000000000e+00
2.548299999999999979e-05 0.000000000000000000e+00
2.942729999999999860e-05 0.000000000000000000e+00
3.398210000000000114e-05 0.000000000000000000e+00
3.924190000000000116e-05 0.000000000000000000e+00
4.531580000000000411e-05 0.000000000000000000e+00
5.232990000000000189e-05 0.000000000000000000e+00
6.042960000000000161e-05 0.000000000000000000e+00
6.978309999999999938e-05 0.000000000000000000e+00
8.058420000000000004e-05 0.000000000000000000e+00
9.305720000000000072e-05 0.000000000000000000e+00
1.074610000000000067e-04 0.000000000000000000e+00
1.240939999999999947e-04 0.000000000000000000e+00
1.433010000000000024e-04 0.000000000000000000e+00
1.654819999999999989e-04 0.000000000000000000e+00
1.910950000000000127e-04 0.000000000000000000e+00
2.206730000000000063e-04 0.000000000000000000e+00
2.548299999999999979e-04 0.000000000000000000e+00
2.942730000000000064e-04 0.000000000000000000e+00
3.398210000000000250e-04 0.000000000000000000e+00
3.924190000000000252e-04 0.000000000000000000e+00
4.531580000000000005e-04 0.000000000000000000e+00
5.232989999999999647e-04 2.496815338308597367e+50
6.042960000000000432e-04 2.507515289990806528e+50
6.978309999999999938e-04 2.518212969030227224e+50
8.058419999999999733e-04 2.528912838453067574e+50
9.305719999999999530e-04 2.539611215315696595e+50
1.074609999999999932e-03 2.552050990325625654e+50
1.240940000000000055e-03 2.555299610053637743e+50
1.433009999999999970e-03 2.559447863404955307e+50
1.654819999999999989e-03 2.564790784001929954e+50
1.910950000000000018e-03 2.572204654231719519e+50
2.206730000000000063e-03 2.581821186643056769e+50
2.548299999999999871e-03 2.594453909433573056e+50
2.942730000000000172e-03 2.611058764712195799e+50
3.398210000000000033e-03 2.634311636564181530e+50
3.924190000000000143e-03 2.664603430986111724e+50
4.531580000000000330e-03 2.703836205293406706e+50
5.232989999999999864e-03 2.753735834136451411e+50
6.042959999999999998e-03 2.820611455249102725e+50
6.978309999999999721e-03 2.899756052819393773e+50
8.058420000000000166e-03 2.993872219541079495e+50
9.305719999999999964e-03 3.100553715155790338e+50
1.074609999999999975e-02 3.229984312846860160e+50
1.240939999999999925e-02 3.356838591400419363e+50
1.433010000000000013e-02 3.481162394114208087e+50
1.654819999999999902e-02 3.596949795961959496e+50
1.910950000000000149e-02 3.696911685315732154e+50
2.206730000000000150e-02 3.783078369932062088e+50
2.548299999999999871e-02 3.843525449406468101e+50
2.942729999999999999e-02 3.844325547175264085e+50
3.398210000000000119e-02 3.774801985332387216e+50
3.924190000000000317e-02 3.633151105157261334e+50
4.531580000000000330e-02 3.444333232053533242e+50
5.232989999999999864e-02 3.226689749188516715e+50
6.042959999999999998e-02 2.958882424787202457e+50
6.978310000000000068e-02 2.647258382055862070e+50
8.058419999999999472e-02 2.297025969751647202e+50
9.305720000000000658e-02 1.920520393577264224e+50
1.074610000000000010e-01 1.538360702385522067e+50
1.240939999999999960e-01 1.212803353063643035e+50
1.433010000000000117e-01 9.387266108516070718e+49
1.654819999999999902e-01 7.148097823729372496e+49
1.910949999999999871e-01 5.295232241512483709e+49
2.206730000000000080e-01 3.949967009618133418e+49
2.548300000000000010e-01 2.913894826702164537e+49
2.942730000000000068e-01 2.126219125161361125e+49
3.398209999999999842e-01 1.523082633086554678e+49
3.924190000000000178e-01 1.110787782173927763e+49
4.531580000000000052e-01 8.066545040426767491e+48
5.232989999999999586e-01 5.835143028648163103e+48
6.042960000000000553e-01 4.176308056245249016e+48
6.978309999999999791e-01 3.052744246645556064e+48
8.058419999999999472e-01 2.227895751604441284e+48
9.305719999999999548e-01 1.622065032491421071e+48
1.074610000000000065e+00 1.164013876326223944e+48
1.240939999999999932e+00 8.549034032079239412e+47
1.433009999999999895e+00 6.261478801432725869e+47
1.654819999999999958e+00 4.571747053495170191e+47
1.910949999999999926e+00 3.282095139233262102e+47
2.206729999999999858e+00 2.415105094951114788e+47
2.548299999999999788e+00 1.771980409720723643e+47
2.942730000000000068e+00 1.295791606238640357e+47
3.398210000000000175e+00 9.316067045599192424e+46
3.924189999999999845e+00 6.857348750365063879e+46
4.531579999999999941e+00 5.028726989089995744e+46
5.232990000000000030e+00 3.672061368889803314e+46
6.042959999999999887e+00 2.638205825890555151e+46
6.978309999999999569e+00 1.938852371860999674e+46
8.058419999999999916e+00 1.420763848316287923e+46
9.305720000000000880e+00 1.038048710517836450e+46
1.074610000000000021e+01 7.478251923336128618e+45
1.240939999999999976e+01 5.512436140574130792e+45
1.433009999999999984e+01 4.052735769371971287e+45
1.654820000000000135e+01 2.970039930043536779e+45
1.910950000000000060e+01 2.139048035044708397e+45
2.206729999999999947e+01 1.577289353808874496e+45
2.548300000000000054e+01 1.159027944609749537e+45
2.942729999999999890e+01 8.485781533028445747e+44
3.398210000000000264e+01 6.095247938631286017e+44
3.924190000000000111e+01 4.493258698442073458e+44
4.531580000000000297e+01 3.303702165515569021e+44
5.232990000000000208e+01 2.421924355393598588e+44
6.042960000000000065e+01 1.741575276485625408e+44
6.978310000000000457e+01 1.286711759708224019e+44
8.058419999999999561e+01 9.483134914606669767e+43
9.305719999999999459e+01 6.968109612578233590e+43
1.074609999999999985e+02 5.017083424305154266e+43
1.240939999999999941e+02 3.710873471906191353e+43
1.433009999999999877e+02 2.736713600448439682e+43
1.654819999999999993e+02 2.011296901141761735e+43
1.910949999999999989e+02 1.447209518857876554e+43
2.206730000000000018e+02 1.069886301947022167e+43
2.548300000000000125e+02 7.885039597073132876e+42
2.942730000000000246e+02 5.790609215327548593e+42
3.398210000000000264e+02 4.162026942851723509e+42
3.924189999999999827e+02 3.074335800098659204e+42
4.531580000000000155e+02 2.263721470725379548e+42
5.232989999999999782e+02 1.660781985023991003e+42
6.042960000000000491e+02 1.192135831273632053e+42
6.978310000000000173e+02 8.796281190869401017e+41
8.058419999999999845e+02 6.469273421033785016e+41
9.305720000000000027e+02 4.740058738466762440e+41
1.074609999999999900e+03 3.396852899985173176e+41
1.240940000000000055e+03 2.502759044447275639e+41
1.433009999999999991e+03 1.837740623964645651e+41
1.654819999999999936e+03 1.344136835607746100e+41
1.910950000000000045e+03 9.611026355800806948e+40
2.206730000000000018e+03 7.066984440171679975e+40
2.548300000000000182e+03 5.177658290098690653e+40
2.942730000000000018e+03 3.777745826949683401e+40
3.398210000000000036e+03 2.692856818953152706e+40
3.924190000000000055e+03 1.974552890314568212e+40
4.531579999999999927e+03 1.442257053804133570e+40
5.232989999999999782e+03 1.048789318023747010e+40
6.042960000000000036e+03 7.444401735984428292e+39
6.978310000000000400e+03 5.437981366379824929e+39
8.058420000000000073e+03 3.955618211403138107e+39
9.305719999999999345e+03 2.863479272787746645e+39
1.074610000000000036e+04 2.020837530228043074e+39
1.240939999999999964e+04 1.468628123166003924e+39
1.433010000000000036e+04 1.062321346163198208e+39
1.654820000000000073e+04 7.642933449959275684e+38
1.910950000000000000e+04 5.351512519957887956e+38
2.206729999999999927e+04 3.861993586117629733e+38
2.548300000000000000e+04 2.772197489446654025e+38
2.942729999999999927e+04 1.977774014691301161e+38
3.398209999999999854e+04 1.369835547476490729e+38
3.924190000000000146e+04 9.791605284923606467e+37
4.531580000000000291e+04 6.955678872389078514e+37
5.232990000000000146e+04 4.906124783713095878e+37
6.042959999999999854e+04 3.347962349487677767e+37
6.978310000000000582e+04 2.362535183776154225e+37
8.058419999999999709e+04 1.654982395486044790e+37
9.305719999999999709e+04 1.149660878835571019e+37
1.074610000000000000e+05 7.689255352221294123e+36
1.240940000000000000e+05 5.333963684408524225e+36
1.433010000000000000e+05 3.667788370290486084e+36
1.654820000000000000e+05 2.496797826627454335e+36
1.910950000000000000e+05 1.625271520104301977e+36
2.206730000000000000e+05 1.102097532347719408e+36
2.548300000000000000e+05 7.393769234084438131e+35
2.942730000000000000e+05 4.899686536025630893e+35
3.398210000000000000e+05 3.074012326160167649e+35
3.924190000000000000e+05 2.022449402266238079e+35
4.531580000000000000e+05 1.313104422234781855e+35
5.232990000000000000e+05 8.396444442720977129e+34
6.042960000000000000e+05 5.009015371336874454e+34
6.978310000000000000e+05 3.165909375089139704e+34
8.058420000000000000e+05 1.968235465226262205e+34
9.305720000000000000e+05 1.200501149541139380e+34
1.074610000000000000e+06 6.682218018225243671e+33
1.240940000000000000e+06 4.005072350942786379e+33
1.433010000000000000e+06 2.351460699455688467e+33
1.654820000000000000e+06 1.347784172625170336e+33
1.910950000000000000e+06 6.814924793816565268e+32
2.206730000000000000e+06 3.807932782729660555e+32
2.548300000000000000e+06 2.073508758686900046e+32
2.942730000000000000e+06 1.095349627951777927e+32
3.398210000000000000e+06 4.838156403955831563e+31
3.924190000000000000e+06 2.463214256216046099e+31
4.531580000000000000e+06 1.214376191364985403e+31
5.232990000000000000e+06 5.762729558208713501e+30
6.042960000000000000e+06 2.094957121188376802e+30
6.978310000000000000e+06 9.413338227182620992e+29
8.058420000000000000e+06 4.065673428387005985e+29
9.305720000000000000e+06 1.675005659947078534e+29
1.074610000000000000e+07 4.550785665646676543e+28
1.240940000000000000e+07 1.720282066096657350e+28
1.433010000000000000e+07 6.204017550975629759e+27
1.654820000000000000e+07 2.123061828621743462e+27
1.910950000000000000e+07 3.642601345652556265e+26
2.206730000000000000e+07 1.066968859271810661e+26
2.548300000000000000e+07 2.948332225381494574e+25
2.942730000000000000e+07 7.828665187301745540e+24
3.398210000000000000e+07 6.572467834415242847e+23
3.924190000000000000e+07 1.281059771510044303e+23
4.531580000000000000e+07 2.236662777575964148e+22
5.232990000000000000e+07 3.783212031627993022e+21
6.042960000000000000e+07 9.872612333973554790e+19
6.978310000000000000e+07 6.893299730435712000e+18
8.058420000000000000e+07 1.471716642670682880e+17
9.305720000000000000e+07 0.000000000000000000e+00
