1.074610000000000047e-16 0.000000000000000000e+00
1.240940000000000054e-16 0.000000000000000000e+00
1.433009999999999988e-16 0.000000000000000000e+00
1.654819999999999889e-16 0.000000000000000000e+00
1.910950000000000020e-16 0.000000000000000000e+00
2.206729999999999967e-16 0.000000000000000000e+00
2.548299999999999914e-16 0.000000000000000000e+00
2.942729999999999995e-16 0.000000000000000000e+00
3.398209999999999854e-16 0.000000000000000000e+00
3.924190000000000071e-16 0.000000000000000000e+00
4.531580000000000165e-16 0.000000000000000000e+00
5.232990000000000256e-16 0.000000000000000000e+00
6.042960000000000084e-16 0.000000000000000000e+00
6.978310000000000580e-16 0.000000000000000000e+00
8.058419999999999311e-16 0.000000000000000000e+00
9.305720000000000863e-16 0.000000000000000000e+00
1.074609999999999923e-15 0.000000000000000000e+00
1.240940000000000005e-15 0.000000000000000000e+00
1.433009999999999988e-15 0.000000000000000000e+00
1.654819999999999938e-15 0.000000000000000000e+00
1.910950000000000020e-15 0.000000000000000000e+00
2.206729999999999868e-15 0.000000000000000000e+00
2.548299999999999618e-15 0.000000000000000000e+00
2.942730000000000389e-15 0.000000000000000000e+00
3.398210000000000052e-15 0.000000000000000000e+00
3.924189999999999578e-15 0.000000000000000000e+00
4.531580000000000165e-15 0.000000000000000000e+00
5.232989999999999861e-15 0.000000000000000000e+00
6.042959999999999886e-15 0.000000000000000000e+00
6.978309999999999594e-15 0.000000000000000000e+00
8.058419999999999705e-15 0.000000000000000000e+00
9.305719999999999285e-15 0.000000000000000000e+00
1.074610000000000002e-14 0.000000000000000000e+00
1.240940000000000005e-14 0.000000000000000000e+00
1.433010000000000146e-14 0.000000000000000000e+00
1.654819999999999859e-14 0.000000000000000000e+00
1.910950000000000178e-14 0.000000000000000000e+00
2.206730000000000105e-14 0.000000000000000000e+00
2.548299999999999855e-14 0.000000000000000000e+00
2.942730000000000074e-14 0.000000000000000000e+00
3.398209999999999815e-14 0.000000000000000000e+00
3.924190000000000367e-14 0.000000000000000000e+00
4.531579999999999534e-14 0.000000000000000000e+00
5.232990000000000177e-14 0.000000000000000000e+00
6.042959999999999729e-14 0.000000000000000000e+00
6.978310000000000383e-14 0.000000000000000000e+00
8.058419999999999705e-14 0.000000000000000000e+00
9.305719999999999601e-14 0.000000000000000000e+00
1.074610000000000128e-13 0.000000000000000000e+00
1.240939999999999910e-13 0.000000000000000000e+00
1.433010000000000020e-13 0.000000000000000000e+00
1.654820000000000112e-13 0.000000000000000000e+00
1.910950000000000051e-13 0.000000000000000000e+00
2.206729999999999979e-13 0.000000000000000000e+00
2.548299999999999855e-13 0.000000000000000000e+00
2.942729999999999821e-13 0.000000000000000000e+00
3.398210000000000320e-13 0.000000000000000000e+00
3.924190000000000367e-13 0.000000000000000000e+00
4.531580000000000165e-13 0.000000000000000000e+00
5.232989999999999293e-13 0.000000000000000000e+00
6.042960000000000738e-13 0.000000000000000000e+00
6.978310000000000383e-13 0.000000000000000000e+00
8.058419999999999705e-13 0.000000000000000000e+00
9.305719999999998843e-13 0.000000000000000000e+00
1.074610000000000002e-12 0.000000000000000000e+00
1.240939999999999961e-12 0.000000000000000000e+00
1.433009999999999970e-12 0.000000000000000000e+00
1.654820000000000011e-12 0.000000000000000000e+00
1.910950000000000051e-12 0.000000000000000000e+00
2.206730000000000231e-12 0.000000000000000000e+00
2.548299999999999956e-12 0.000000000000000000e+00
2.942730000000000326e-12 0.000000000000000000e+00
3.398209999999999916e-12 0.000000000000000000e+00
3.924190000000000468e-12 0.000000000000000000e+00
4.531580000000000367e-12 0.000000000000000000e+00
5.232989999999999899e-12 0.000000000000000000e+00
6.042960000000000334e-12 0.000000000000000000e+00
6.978309999999999979e-12 0.000000000000000000e+00
8.058419999999999907e-12 0.000000000000000000e+00
9.305719999999999247e-12 0.000000000000000000e+00
1.074609999999999921e-11 0.000000000000000000e+00
1.240940000000000001e-11 0.000000000000000000e+00
1.433010000000000010e-11 0.000000000000000000e+00
1.654819999999999849e-11 0.000000000000000000e+00
1.910950000000000132e-11 0.000000000000000000e+00
2.206729999999999989e-11 0.000000000000000000e+00
2.548299999999999875e-11 0.000000000000000000e+00
2.942730000000000084e-11 0.000000000000000000e+00
3.398209999999999916e-11 0.000000000000000000e+00
3.924190000000000306e-11 0.000000000000000000e+00
4.531580000000000367e-11 0.000000000000000000e+00
5.232989999999999576e-11 0.000000000000000000e+00
6.042959999999999365e-11 0.000000000000000000e+00
6.978309999999999656e-11 0.000000000000000000e+00
8.058419999999998938e-11 0.000000000000000000e+00
9.305720000000001186e-11 0.000000000000000000e+00
1.074610000000000051e-10 0.000000000000000000e+00
1.240939999999999904e-10 0.000000000000000000e+00
1.433010000000000204e-10 0.000000000000000000e+00
1.654819999999999979e-10 0.000000000000000000e+00
1.910949999999999744e-10 0.000000000000000000e+00
2.206729999999999989e-10 0.000000000000000000e+00
2.548299999999999875e-10 0.000000000000000000e+00
2.942729999999999825e-10 0.000000000000000000e+00
3.398209999999999787e-10 0.000000000000000000e+00
3.924190000000000177e-10 0.000000000000000000e+00
4.531579999999999979e-10 0.000000000000000000e+00
5.232989999999999318e-10 0.000000000000000000e+00
6.042960000000000399e-10 0.000000000000000000e+00
6.978309999999999656e-10 0.000000000000000000e+00
8.058419999999999972e-10 0.000000000000000000e+00
9.305719999999999377e-10 0.000000000000000000e+00
1.074610000000000077e-09 0.000000000000000000e+00
1.240939999999999853e-09 0.000000000000000000e+00
1.433009999999999997e-09 0.000000000000000000e+00
1.654819999999999875e-09 0.000000000000000000e+00
1.910949999999999900e-09 0.000000000000000000e+00
2.206729999999999885e-09 0.000000000000000000e+00
2.548299999999999979e-09 0.000000000000000000e+00
2.942730000000000239e-09 0.000000000000000000e+00
3.398209999999999994e-09 0.000000000000000000e+00
3.924189999999999453e-09 0.000000000000000000e+00
4.531579999999999772e-09 0.000000000000000000e+00
5.232989999999999731e-09 0.000000000000000000e+00
6.042959999999999572e-09 0.000000000000000000e+00
6.978309999999999242e-09 0.000000000000000000e+00
8.058419999999999972e-09 0.000000000000000000e+00
9.305720000000000824e-09 0.000000000000000000e+00
1.074609999999999952e-08 0.000000000000000000e+00
1.240939999999999894e-08 0.000000000000000000e+00
1.433010000000000038e-08 0.000000000000000000e+00
1.654820000000000123e-08 0.000000000000000000e+00
1.910949999999999982e-08 0.000000000000000000e+00
2.206729999999999803e-08 0.000000000000000000e+00
2.548300000000000061e-08 0.000000000000000000e+00
2.942729999999999908e-08 0.000000000000000000e+00
3.398210000000000490e-08 0.000000000000000000e+00
3.924190000000000280e-08 0.000000000000000000e+00
4.531580000000000268e-08 0.000000000000000000e+00
5.232990000000000062e-08 0.000000000000000000e+00
6.042959999999999737e-08 0.000000000000000000e+00
6.978310000000000235e-08 0.000000000000000000e+00
8.058419999999999972e-08 0.000000000000000000e+00
9.305719999999999501e-08 0.000000000000000000e+00
1.074609999999999986e-07 0.000000000000000000e+00
1.240939999999999993e-07 0.000000000000000000e+00
1.433009999999999939e-07 0.000000000000000000e+00
1.654819999999999991e-07 0.000000000000000000e+00
1.910950000000000048e-07 0.000000000000000000e+00
2.206730000000000067e-07 0.000000000000000000e+00
2.548300000000000127e-07 0.000000000000000000e+00
2.942730000000000305e-07 0.000000000000000000e+00
3.398210000000000093e-07 0.000000000000000000e+00
3.924189999999999883e-07 0.000000000000000000e+00
4.531580000000000136e-07 0.000000000000000000e+00
5.232990000000000062e-07 0.000000000000000000e+00
6.042960000000000796e-07 0.000000000000000000e+00
6.978310000000000235e-07 0.000000000000000000e+00
8.058419999999999707e-07 0.000000000000000000e+00
9.305720000000000030e-07 0.000000000000000000e+00
1.074609999999999906e-06 0.000000000000000000e+00
1.240940000000000099e-06 0.000000000000000000e+00
1.433009999999999939e-06 0.000000000000000000e+00
1.654819999999999938e-06 0.000000000000000000e+00
1.910949999999999890e-06 0.000000000000000000e+00
2.206729999999999961e-06 0.000000000000000000e+00
2.548300000000000233e-06 0.000000000000000000e+00
2.942730000000000199e-06 0.000000000000000000e+00
3.398210000000000199e-06 0.000000000000000000e+00
3.924189999999999777e-06 0.000000000000000000e+00
4.531580000000000242e-06 0.000000000000000000e+00
5.232989999999999850e-06 0.000000000000000000e+00
6.042960000000000161e-06 0.000000000000000000e+00
6.978310000000000447e-06 0.000000000000000000e+00
8.058420000000000342e-06 0.000000000000000000e+00
9.305719999999999395e-06 0.000000000000000000e+00
1.074610000000000033e-05 0.000000000000000000e+00
1.240940000000000015e-05 0.000000000000000000e+00
1.433010000000000024e-05 0.000000000000000000e+00
1.654820000000000192e-05 0.000000000000000000e+00
1.910950000000000059e-05 0.000000000000000000e+00
2.206729999999999792e-05 0.000000000000000000e+00
2.548299999999999979e-05 0.000000000000000000e+00
2.942729999999999860e-05 0.000000000000000000e+00
3.398210000000000114e-05 0.000000000000000000e+00
3.924190000000000116e-05 0.000000000000000000e+00
4.531580000000000411e-05 0.000000000000000000e+00
5.232990000000000189e-05 0.000000000000000000e+00
6.042960000000000161e-05 0.000000000000000000e+00
6.978309999999999938e-05 0.000000000000000000e+00
8.058420000000000004e-05 0.000000000000000000e+00
9.305720000000000072e-05 0.000000000000000000e+00
1.074610000000000067e-04 0.000000000000000000e+00
1.240939999999999947e-04 0.000000000000000000e+00
1.433010000000000024e-04 0.000000000000000000e+00
1.654819999999999989e-04 0.000000000000000000e+00
1.910950000000000127e-04 0.000000000000000000e+00
2.206730000000000063e-04 0.000000000000000000e+00
2.548299999999999979e-04 0.000000000000000000e+00
2.942730000000000064e-04 0.000000000000000000e+00
3.398210000000000250e-04 0.000000000000000000e+00
3.924190000000000252e-04 0.000000000000000000e+00
4.531580000000000005e-04 0.000000000000000000e+00
5.232989999999999647e-04 3.458656358168864451e+50
6.042960000000000432e-04 3.474054717185772287e+50
6.978309999999999938e-04 3.489453542186609505e+50
8.058419999999999733e-04 3.504852981434190353e+50
9.305719999999999530e-04 3.520249187227011463e+50
1.074609999999999932e-03 3.537839938037852084e+50
1.240940000000000055e-03 3.543364220693861715e+50
1.433009999999999970e-03 3.550360241172895551e+50
1.654819999999999989e-03 3.559281136144826010e+50
1.910950000000000018e-03 3.571445335333250480e+50
2.206730000000000063e-03 3.587051768627411376e+50
2.548299999999999871e-03 3.607258718119108123e+50
2.942730000000000172e-03 3.633420943975640030e+50
3.398210000000000033e-03 3.669200518107681079e+50
3.924190000000000143e-03 3.715027304439822673e+50
4.531580000000000330e-03 3.773349216874877510e+50
5.232989999999999864e-03 3.846308547189112206e+50
6.042959999999999998e-03 3.941640816248393797e+50
6.978309999999999721e-03 4.053566340216633436e+50
8.058420000000000166e-03 4.184987976486637258e+50
9.305719999999999964e-03 4.333174762909569765e+50
1.074609999999999975e-02 4.509649418436090560e+50
1.240939999999999925e-02 4.682486738993488775e+50
1.433010000000000013e-02 4.850690033395719666e+50
1.654819999999999902e-02 5.006214367388799220e+50
1.910950000000000149e-02 5.139638779187281380e+50
2.206730000000000150e-02 5.254205519262724358e+50
2.548299999999999871e-02 5.334026566604288942e+50
2.942729999999999999e-02 5.334578682936867133e+50
3.398210000000000119e-02 5.241761566597220936e+50
3.924190000000000317e-02 5.052860279851979984e+50
4.531580000000000330e-02 4.800686271199106792e+50
5.232989999999999864e-02 4.508984659852426428e+50
6.042959999999999998e-02 4.149143839995751136e+50
6.978310000000000068e-02 3.728468490589171360e+50
8.058419999999999472e-02 3.254171284849478516e+50
9.305720000000000658e-02 2.742741209284933506e+50
1.074610000000000010e-01 2.222966792956617096e+50
1.240939999999999960e-01 1.774433736534596421e+50
1.433010000000000117e-01 1.393369200119552370e+50
1.654819999999999902e-01 1.078454003938668677e+50
1.910949999999999871e-01 8.161007018835672397e+49
2.206730000000000080e-01 6.208607509976676792e+49
2.548300000000000010e-01 4.679482441736729456e+49
2.942730000000000068e-01 3.495897134787353558e+49
3.398209999999999842e-01 2.575938074644067854e+49
3.924190000000000178e-01 1.926134524017966385e+49
4.531580000000000052e-01 1.435968777102263802e+49
5.232989999999999586e-01 1.067862676121481128e+49
6.042960000000000553e-01 7.883033393956962039e+48
6.978309999999999791e-01 5.923697425648749077e+48
8.058419999999999472e-01 4.448117366837737882e+48
9.305719999999999548e-01 3.335320366419549850e+48
1.074610000000000065e+00 2.474824054834745859e+48
1.240939999999999932e+00 1.871235287191331494e+48
1.433009999999999895e+00 1.412027870049076501e+48
1.654819999999999958e+00 1.063003378339480104e+48
1.910949999999999926e+00 7.905372152287643242e+47
2.206729999999999858e+00 5.992341368975035790e+47
2.548299999999999788e+00 4.531204759897965555e+47
2.942730000000000068e+00 3.416985608087176486e+47
3.398210000000000175e+00 2.545172121852809367e+47
3.924189999999999845e+00 1.929860259652663025e+47
4.531579999999999941e+00 1.458836280643922492e+47
5.232990000000000030e+00 1.099096845664520670e+47
6.042959999999999887e+00 8.184694486556062624e+46
6.978309999999999569e+00 6.201333019893797619e+46
8.058419999999999916e+00 4.687761005375499343e+46
9.305720000000000880e+00 3.535226349544519565e+46
1.074610000000000021e+01 2.638269256081215165e+46
1.240939999999999976e+01 2.003818764833848874e+46
1.433009999999999984e+01 1.518522921173590048e+46
1.654820000000000135e+01 1.147682591012559557e+46
1.910950000000000060e+01 8.563286361946829677e+45
2.206729999999999947e+01 6.506638781431773471e+45
2.548300000000000054e+01 4.930481794227780013e+45
2.942729999999999890e+01 3.725493077414209732e+45
3.398210000000000264e+01 2.776224746068659033e+45
3.924190000000000111e+01 2.110122371025997346e+45
4.531580000000000297e+01 1.600380426202164287e+45
5.232990000000000208e+01 1.210826895742141432e+45
6.042960000000000065e+01 9.033034972216580289e+44
6.978310000000000457e+01 6.877572753127028908e+44
8.058419999999999561e+01 5.225116481254100269e+44
9.305719999999999459e+01 3.959485525400433338e+44
1.074609999999999985e+02 2.956240297484350704e+44
1.240939999999999941e+02 2.252300350143688000e+44
1.433009999999999877e+02 1.711676539994668875e+44
1.654819999999999993e+02 1.297046988092106353e+44
1.910949999999999989e+02 9.678433044875741800e+43
2.206730000000000018e+02 7.370104976714274900e+43
2.548300000000000125e+02 5.597514578490188541e+43
2.942730000000000246e+02 4.238525875679279638e+43
3.398210000000000264e+02 3.159581831344032368e+43
3.924189999999999827e+02 2.403960477235497966e+43
4.531580000000000155e+02 1.824037136820453595e+43
5.232989999999999782e+02 1.379718378964387171e+43
6.042960000000000491e+02 1.027106110618430282e+43
6.978310000000000173e+02 7.805083917825689286e+42
8.058419999999999845e+02 5.914167311799007720e+42
9.305720000000000027e+02 4.466848274418378584e+42
1.074609999999999900e+03 3.319061588025812055e+42
1.240940000000000055e+03 2.517884256843893478e+42
1.433009999999999991e+03 1.904318255087711354e+42
1.654819999999999936e+03 1.435321174459723266e+42
1.910950000000000045e+03 1.063808167363386862e+42
2.206730000000000018e+03 8.051225379955871534e+41
2.548300000000000182e+03 6.073628069477966622e+41
2.942730000000000018e+03 4.564945012269863252e+41
3.398210000000000036e+03 3.371618831733211703e+41
3.924190000000000055e+03 2.543602965888590297e+41
4.531579999999999927e+03 1.912134620090300082e+41
5.232989999999999782e+03 1.431685918633590200e+41
6.042960000000000036e+03 1.052455778775344638e+41
6.978310000000000400e+03 7.905728896904703963e+40
8.058420000000000073e+03 5.915281705459931056e+40
9.305719999999999345e+03 4.406426981655536109e+40
1.074610000000000036e+04 3.218766171319217076e+40
1.240939999999999964e+04 2.404015914210951391e+40
1.433010000000000036e+04 1.787600356577509013e+40
1.654820000000000073e+04 1.322625585298777588e+40
1.910950000000000000e+04 9.580287907984357658e+39
2.206729999999999927e+04 7.101245886516437717e+39
2.548300000000000000e+04 5.237223114352991724e+39
2.942729999999999927e+04 3.840565786012787777e+39
3.398209999999999854e+04 2.750882638371393273e+39
3.924190000000000146e+04 2.018874467188635337e+39
4.531580000000000291e+04 1.472997839191864340e+39
5.232990000000000146e+04 1.067638479452518435e+39
6.042959999999999854e+04 7.534935544967547686e+38
6.978310000000000582e+04 5.458582980565111663e+38
8.058419999999999709e+04 3.927240115067523374e+38
9.305719999999999709e+04 2.803586226681058006e+38
1.074610000000000000e+05 1.940499049771577060e+38
1.240940000000000000e+05 1.382318911508113500e+38
1.433010000000000000e+05 9.766456060411203476e+37
1.654820000000000000e+05 6.836323527491635823e+37
1.910950000000000000e+05 4.612255504173037394e+37
2.206730000000000000e+05 3.214855550056379027e+37
2.548300000000000000e+05 2.218755667049995496e+37
2.942730000000000000e+05 1.514164273108239923e+37
3.398210000000000000e+05 9.876583487464232569e+36
3.924190000000000000e+05 6.693709169716502761e+36
4.531580000000000000e+05 4.482155157780955153e+36
5.232990000000000000e+05 2.960318512776637009e+36
6.042960000000000000e+05 1.846574028650452068e+36
6.978310000000000000e+05 1.207031079290525918e+36
8.058420000000000000e+05 7.774094694572080008e+35
9.305720000000000000e+05 4.923061025485930906e+35
1.074610000000000000e+06 2.893589227592976635e+35
1.240940000000000000e+06 1.805539023217759795e+35
1.433010000000000000e+06 1.106347456890086736e+35
1.654820000000000000e+06 6.638782168563275873e+34
1.910950000000000000e+06 3.603504745348810248e+34
2.206730000000000000e+06 2.118447593212171503e+34
2.548300000000000000e+06 1.217937305643167710e+34
2.942730000000000000e+06 6.823164493482818935e+33
3.398210000000000000e+06 3.325572404345251789e+33
3.924190000000000000e+06 1.811102285163154571e+33
4.531580000000000000e+06 9.597274507041866817e+32
5.232990000000000000e+06 4.925192244375532114e+32
6.042960000000000000e+06 2.070022738034904369e+32
6.978310000000000000e+06 1.021056953042168190e+32
8.058420000000000000e+06 4.871334945158830626e+31
9.305720000000000000e+06 2.233765269999396114e+31
1.074610000000000000e+07 7.611647695884350674e+30
1.240940000000000000e+07 3.293740853757491398e+30
1.433010000000000000e+07 1.368993203134696482e+30
1.654820000000000000e+07 5.422726698445065980e+29
1.910950000000000000e+07 1.351234834499153174e+29
2.206730000000000000e+07 4.869182494968334460e+28
2.548300000000000000e+07 1.670478155526359535e+28
2.942730000000000000e+07 5.431386553987935727e+27
3.398210000000000000e+07 8.029145482029290548e+26
3.924190000000000000e+07 2.123663606456567599e+26
4.531580000000000000e+07 5.125869771742668058e+25
5.232990000000000000e+07 1.152657686024261405e+25
6.042960000000000000e+07 4.616401578131700863e+23
6.978310000000000000e+07 4.040954294739776045e+22
8.058420000000000000e+07 9.382004839939464233e+20
9.305720000000000000e+07 0.000000000000000000e+00
