1.074610000000000047e-16 0.000000000000000000e+00
1.240940000000000054e-16 0.000000000000000000e+00
1.433009999999999988e-16 0.000000000000000000e+00
1.654819999999999889e-16 0.000000000000000000e+00
1.910950000000000020e-16 0.000000000000000000e+00
2.206729999999999967e-16 0.000000000000000000e+00
2.548299999999999914e-16 0.000000000000000000e+00
2.942729999999999995e-16 0.000000000000000000e+00
3.398209999999999854e-16 0.000000000000000000e+00
3.924190000000000071e-16 0.000000000000000000e+00
4.531580000000000165e-16 0.000000000000000000e+00
5.232990000000000256e-16 0.000000000000000000e+00
6.042960000000000084e-16 0.000000000000000000e+00
6.978310000000000580e-16 0.000000000000000000e+00
8.058419999999999311e-16 0.000000000000000000e+00
9.305720000000000863e-16 0.000000000000000000e+00
1.074609999999999923e-15 0.000000000000000000e+00
1.240940000000000005e-15 0.000000000000000000e+00
1.433009999999999988e-15 0.000000000000000000e+00
1.654819999999999938e-15 0.000000000000000000e+00
1.910950000000000020e-15 0.000000000000000000e+00
2.206729999999999868e-15 0.000000000000000000e+00
2.548299999999999618e-15 0.000000000000000000e+00
2.942730000000000389e-15 0.000000000000000000e+00
3.398210000000000052e-15 0.000000000000000000e+00
3.924189999999999578e-15 0.000000000000000000e+00
4.531580000000000165e-15 0.000000000000000000e+00
5.232989999999999861e-15 0.000000000000000000e+00
6.042959999999999886e-15 0.000000000000000000e+00
6.978309999999999594e-15 0.000000000000000000e+00
8.058419999999999705e-15 0.000000000000000000e+00
9.305719999999999285e-15 0.000000000000000000e+00
1.074610000000000002e-14 0.000000000000000000e+00
1.240940000000000005e-14 0.000000000000000000e+00
1.433010000000000146e-14 0.000000000000000000e+00
1.654819999999999859e-14 0.000000000000000000e+00
1.910950000000000178e-14 0.000000000000000000e+00
2.206730000000000105e-14 0.000000000000000000e+00
2.548299999999999855e-14 0.000000000000000000e+00
2.942730000000000074e-14 0.000000000000000000e+00
3.398209999999999815e-14 0.000000000000000000e+00
3.924190000000000367e-14 0.000000000000000000e+00
4.531579999999999534e-14 0.000000000000000000e+00
5.232990000000000177e-14 0.000000000000000000e+00
6.042959999999999729e-14 0.000000000000000000e+00
6.978310000000000383e-14 0.000000000000000000e+00
8.058419999999999705e-14 0.000000000000000000e+00
9.305719999999999601e-14 0.000000000000000000e+00
1.074610000000000128e-13 0.000000000000000000e+00
1.240939999999999910e-13 0.000000000000000000e+00
1.433010000000000020e-13 0.000000000000000000e+00
1.654820000000000112e-13 0.000000000000000000e+00
1.910950000000000051e-13 0.000000000000000000e+00
2.206729999999999979e-13 0.000000000000000000e+00
2.548299999999999855e-13 0.000000000000000000e+00
2.942729999999999821e-13 0.000000000000000000e+00
3.398210000000000320e-13 0.000000000000000000e+00
3.924190000000000367e-13 0.000000000000000000e+00
4.531580000000000165e-13 0.000000000000000000e+00
5.232989999999999293e-13 0.000000000000000000e+00
6.042960000000000738e-13 0.000000000000000000e+00
6.978310000000000383e-13 0.000000000000000000e+00
8.058419999999999705e-13 0.000000000000000000e+00
9.305719999999998843e-13 0.000000000000000000e+00
1.074610000000000002e-12 0.000000000000000000e+00
1.240939999999999961e-12 0.000000000000000000e+00
1.433009999999999970e-12 0.000000000000000000e+00
1.654820000000000011e-12 0.000000000000000000e+00
1.910950000000000051e-12 0.000000000000000000e+00
2.206730000000000231e-12 0.000000000000000000e+00
2.548299999999999956e-12 0.000000000000000000e+00
2.942730000000000326e-12 0.000000000000000000e+00
3.398209999999999916e-12 0.000000000000000000e+00
3.924190000000000468e-12 0.000000000000000000e+00
4.531580000000000367e-12 0.000000000000000000e+00
5.232989999999999899e-12 0.000000000000000000e+00
6.042960000000000334e-12 0.000000000000000000e+00
6.978309999999999979e-12 0.000000000000000000e+00
8.058419999999999907e-12 0.000000000000000000e+00
9.305719999999999247e-12 0.000000000000000000e+00
1.074609999999999921e-11 0.000000000000000000e+00
1.240940000000000001e-11 0.000000000000000000e+00
1.433010000000000010e-11 0.000000000000000000e+00
1.654819999999999849e-11 0.000000000000000000e+00
1.910950000000000132e-11 0.000000000000000000e+00
2.206729999999999989e-11 0.000000000000000000e+00
2.548299999999999875e-11 0.000000000000000000e+00
2.942730000000000084e-11 0.000000000000000000e+00
3.398209999999999916e-11 0.000000000000000000e+00
3.924190000000000306e-11 0.000000000000000000e+00
4.531580000000000367e-11 0.000000000000000000e+00
5.232989999999999576e-11 0.000000000000000000e+00
6.042959999999999365e-11 0.000000000000000000e+00
6.978309999999999656e-11 0.000000000000000000e+00
8.058419999999998938e-11 0.000000000000000000e+00
9.305720000000001186e-11 0.000000000000000000e+00
1.074610000000000051e-10 0.000000000000000000e+00
1.240939999999999904e-10 0.000000000000000000e+00
1.433010000000000204e-10 0.000000000000000000e+00
1.654819999999999979e-10 0.000000000000000000e+00
1.910949999999999744e-10 0.000000000000000000e+00
2.206729999999999989e-10 0.000000000000000000e+00
2.548299999999999875e-10 0.000000000000000000e+00
2.942729999999999825e-10 0.000000000000000000e+00
3.398209999999999787e-10 0.000000000000000000e+00
3.924190000000000177e-10 0.000000000000000000e+00
4.531579999999999979e-10 0.000000000000000000e+00
5.232989999999999318e-10 0.000000000000000000e+00
6.042960000000000399e-10 0.000000000000000000e+00
6.978309999999999656e-10 0.000000000000000000e+00
8.058419999999999972e-10 0.000000000000000000e+00
9.305719999999999377e-10 0.000000000000000000e+00
1.074610000000000077e-09 0.000000000000000000e+00
1.240939999999999853e-09 0.000000000000000000e+00
1.433009999999999997e-09 0.000000000000000000e+00
1.654819999999999875e-09 0.000000000000000000e+00
1.910949999999999900e-09 0.000000000000000000e+00
2.206729999999999885e-09 0.000000000000000000e+00
2.548299999999999979e-09 0.000000000000000000e+00
2.942730000000000239e-09 0.000000000000000000e+00
3.398209999999999994e-09 0.000000000000000000e+00
3.924189999999999453e-09 0.000000000000000000e+00
4.531579999999999772e-09 0.000000000000000000e+00
5.232989999999999731e-09 0.000000000000000000e+00
6.042959999999999572e-09 0.000000000000000000e+00
6.978309999999999242e-09 0.000000000000000000e+00
8.058419999999999972e-09 0.000000000000000000e+00
9.305720000000000824e-09 0.000000000000000000e+00
1.074609999999999952e-08 0.000000000000000000e+00
1.240939999999999894e-08 0.000000000000000000e+00
1.433010000000000038e-08 0.000000000000000000e+00
1.654820000000000123e-08 0.000000000000000000e+00
1.910949999999999982e-08 0.000000000000000000e+00
2.206729999999999803e-08 0.000000000000000000e+00
2.548300000000000061e-08 0.000000000000000000e+00
2.942729999999999908e-08 0.000000000000000000e+00
3.398210000000000490e-08 0.000000000000000000e+00
3.924190000000000280e-08 0.000000000000000000e+00
4.531580000000000268e-08 0.000000000000000000e+00
5.232990000000000062e-08 0.000000000000000000e+00
6.042959999999999737e-08 0.000000000000000000e+00
6.978310000000000235e-08 0.000000000000000000e+00
8.058419999999999972e-08 0.000000000000000000e+00
9.305719999999999501e-08 0.000000000000000000e+00
1.074609999999999986e-07 0.000000000000000000e+00
1.240939999999999993e-07 0.000000000000000000e+00
1.433009999999999939e-07 0.000000000000000000e+00
1.654819999999999991e-07 0.000000000000000000e+00
1.910950000000000048e-07 0.000000000000000000e+00
2.206730000000000067e-07 0.000000000000000000e+00
2.548300000000000127e-07 0.000000000000000000e+00
2.942730000000000305e-07 0.000000000000000000e+00
3.398210000000000093e-07 0.000000000000000000e+00
3.924189999999999883e-07 0.000000000000000000e+00
4.531580000000000136e-07 0.000000000000000000e+00
5.232990000000000062e-07 0.000000000000000000e+00
6.042960000000000796e-07 0.000000000000000000e+00
6.978310000000000235e-07 0.000000000000000000e+00
8.058419999999999707e-07 0.000000000000000000e+00
9.305720000000000030e-07 0.000000000000000000e+00
1.074609999999999906e-06 0.000000000000000000e+00
1.240940000000000099e-06 0.000000000000000000e+00
1.433009999999999939e-06 0.000000000000000000e+00
1.654819999999999938e-06 0.000000000000000000e+00
1.910949999999999890e-06 0.000000000000000000e+00
2.206729999999999961e-06 0.000000000000000000e+00
2.548300000000000233e-06 0.000000000000000000e+00
2.942730000000000199e-06 0.000000000000000000e+00
3.398210000000000199e-06 0.000000000000000000e+00
3.924189999999999777e-06 0.000000000000000000e+00
4.531580000000000242e-06 0.000000000000000000e+00
5.232989999999999850e-06 0.000000000000000000e+00
6.042960000000000161e-06 0.000000000000000000e+00
6.978310000000000447e-06 0.000000000000000000e+00
8.058420000000000342e-06 0.000000000000000000e+00
9.305719999999999395e-06 0.000000000000000000e+00
1.074610000000000033e-05 0.000000000000000000e+00
1.240940000000000015e-05 0.000000000000000000e+00
1.433010000000000024e-05 0.000000000000000000e+00
1.654820000000000192e-05 0.000000000000000000e+00
1.910950000000000059e-05 0.000000000000000000e+00
2.206729999999999792e-05 0.000000000000000000e+00
2.548299999999999979e-05 0.000000000000000000e+00
2.942729999999999860e-05 0.000000000000000000e+00
3.398210000000000114e-05 0.000000000000000000e+00
3.924190000000000116e-05 0.000000000000000000e+00
4.531580000000000411e-05 0.000000000000000000e+00
5.232990000000000189e-05 0.000000000000000000e+00
6.042960000000000161e-05 0.000000000000000000e+00
6.978309999999999938e-05 0.000000000000000000e+00
8.058420000000000004e-05 0.000000000000000000e+00
9.305720000000000072e-05 0.000000000000000000e+00
1.074610000000000067e-04 0.000000000000000000e+00
1.240939999999999947e-04 0.000000000000000000e+00
1.433010000000000024e-04 0.000000000000000000e+00
1.654819999999999989e-04 0.000000000000000000e+00
1.910950000000000127e-04 0.000000000000000000e+00
2.206730000000000063e-04 0.000000000000000000e+00
2.548299999999999979e-04 0.000000000000000000e+00
2.942730000000000064e-04 0.000000000000000000e+00
3.398210000000000250e-04 0.000000000000000000e+00
3.924190000000000252e-04 0.000000000000000000e+00
4.531580000000000005e-04 0.000000000000000000e+00
5.232989999999999647e-04 8.347244238339616655e+50
6.042960000000000432e-04 8.383037478935245908e+50
6.978309999999999938e-04 8.418827776507445405e+50
8.058419999999999733e-04 8.454615805030076648e+50
9.305719999999999530e-04 8.490408269621368487e+50
1.074609999999999932e-03 8.532085906763379154e+50
1.240940000000000055e-03 8.543027135271401751e+50
1.433009999999999970e-03 8.556991821882458447e+50
1.654819999999999989e-03 8.574968933164793345e+50
1.910950000000000018e-03 8.599923144689051797e+50
2.206730000000000063e-03 8.632266581068030835e+50
2.548299999999999871e-03 8.674729859930307819e+50
2.942730000000000172e-03 8.730506858182527292e+50
3.398210000000000033e-03 8.808494047573260273e+50
3.924190000000000143e-03 8.909933325882204970e+50
4.531580000000000330e-03 9.041108953976602205e+50
5.232989999999999864e-03 9.207681538568236719e+50
6.042959999999999998e-03 9.430457347438040770e+50
6.978309999999999721e-03 9.694202581317395413e+50
8.058420000000000166e-03 1.000786195510179296e+51
9.305719999999999964e-03 1.036358109651910466e+51
1.074609999999999975e-02 1.079785664655634160e+51
1.240939999999999925e-02 1.122228354043620180e+51
1.433010000000000013e-02 1.163802501284524244e+51
1.654819999999999902e-02 1.202535949307817235e+51
1.910950000000000149e-02 1.236034837487912175e+51
2.206730000000000150e-02 1.264854638478574637e+51
2.548299999999999871e-02 1.285028294692852074e+51
2.942729999999999999e-02 1.285274176005204600e+51
3.398210000000000119e-02 1.262031632189756589e+51
3.924190000000000317e-02 1.214700014561506254e+51
4.531580000000000330e-02 1.151623503379413810e+51
5.232989999999999864e-02 1.078863430137524940e+51
6.042959999999999998e-02 9.892596754734200579e+50
6.978310000000000068e-02 8.850610672920361960e+50
8.058419999999999472e-02 7.679631364400107483e+50
9.305720000000000658e-02 6.420984114500698131e+50
1.074610000000000010e-01 5.142486380384726237e+50
1.240939999999999960e-01 4.055007374715242581e+50
1.433010000000000117e-01 3.139796616001153040e+50
1.654819999999999902e-01 2.392126679466309593e+50
1.910949999999999871e-01 1.773350631548499905e+50
2.206730000000000080e-01 1.324106264033980138e+50
2.548300000000000010e-01 9.778742173581707618e+49
2.942730000000000068e-01 7.144090900206785437e+49
3.398209999999999842e-01 5.125012257453634309e+49
3.924190000000000178e-01 3.741685705425892243e+49
4.531580000000000052e-01 2.719893069106476745e+49
5.232989999999999586e-01 1.969302824054376581e+49
6.042960000000000553e-01 1.410790887155409266e+49
6.978309999999999791e-01 1.031989307647616849e+49
8.058419999999999472e-01 7.536816581572007015e+48
9.305719999999999548e-01 5.491250502596504843e+48
1.074610000000000065e+00 3.943788327346806527e+48
1.240939999999999932e+00 2.898575069720333080e+48
1.433009999999999895e+00 2.124594863309110685e+48
1.654819999999999958e+00 1.552516898119280602e+48
1.910949999999999926e+00 1.115662563415803148e+48
2.206729999999999858e+00 8.216794318668143826e+47
2.548299999999999788e+00 6.034447337776257602e+47
2.942730000000000068e+00 4.417302045346119440e+47
3.398210000000000175e+00 3.179728913005923614e+47
3.924189999999999845e+00 2.343112053458593559e+47
4.531579999999999941e+00 1.720319948714453611e+47
5.232990000000000030e+00 1.257814246059434626e+47
6.042959999999999887e+00 9.050625684077024552e+46
6.978309999999999569e+00 6.660507342097885872e+46
8.058419999999999916e+00 4.887776484887191227e+46
9.305720000000000880e+00 3.576569109525236777e+46
1.074610000000000021e+01 2.581118396703551640e+46
1.240939999999999976e+01 1.905529242691979699e+46
1.433009999999999984e+01 1.403166970270107801e+46
1.654820000000000135e+01 1.030009933735585039e+46
1.910950000000000060e+01 7.432704813780721571e+45
2.206729999999999947e+01 5.490003452054356687e+45
2.548300000000000054e+01 4.041358374541726832e+45
2.942729999999999890e+01 2.964398681488758649e+45
3.398210000000000264e+01 2.134079870548637031e+45
3.924190000000000111e+01 1.576207231865557584e+45
4.531580000000000297e+01 1.161235721775462997e+45
5.232990000000000208e+01 8.530746525744222372e+44
6.042960000000000065e+01 6.149785501038984406e+44
6.978310000000000457e+01 4.553228532784890470e+44
8.058419999999999561e+01 3.363153823276548340e+44
9.305719999999999459e+01 2.476899327848464388e+44
1.074609999999999985e+02 1.788383757527810165e+44
1.240939999999999941e+02 1.325895034924815279e+44
1.433009999999999877e+02 9.802339738264157700e+43
1.654819999999999993e+02 7.222630027905077176e+43
1.910949999999999989e+02 5.213400009611578033e+43
2.206730000000000018e+02 3.864345799625183196e+43
2.548300000000000125e+02 2.855870166178289806e+43
2.942730000000000246e+02 2.103336293158011394e+43
3.398210000000000264e+02 1.517119860988805483e+43
3.924189999999999827e+02 1.123926609315450486e+43
4.531580000000000155e+02 8.300942651709495563e+42
5.232989999999999782e+02 6.109239010574316501e+42
6.042960000000000491e+02 4.402255942172838345e+42
6.978310000000000173e+02 3.258575449308712526e+42
8.058419999999999845e+02 2.404417099456365520e+42
9.305720000000000027e+02 1.767733102521812763e+42
1.074609999999999900e+03 1.272089478650384249e+42
1.240940000000000055e+03 9.404756405300981876e+41
1.433009999999999991e+03 6.930298172749387452e+41
1.654819999999999936e+03 5.087587085215042569e+41
1.910950000000000045e+03 3.654284569969076380e+41
2.206730000000000018e+03 2.697035759951777913e+41
2.548300000000000182e+03 1.983652884192354085e+41
2.942730000000000018e+03 1.453162546656975582e+41
3.398210000000000036e+03 1.040992846184587009e+41
3.924190000000000055e+03 7.664354608182456520e+40
4.531579999999999927e+03 5.621939698673878203e+40
5.232989999999999782e+03 4.106235670909546940e+40
6.042960000000000036e+03 2.930505525604328530e+40
6.978310000000000400e+03 2.150211744669294302e+40
8.058420000000000073e+03 1.571287999198079671e+40
9.305719999999999345e+03 1.142910879203338791e+40
1.074610000000000036e+04 8.113695225743322904e+39
1.240939999999999964e+04 5.925099259852581183e+39
1.433010000000000036e+04 4.307374254099223050e+39
1.654820000000000073e+04 3.115173328020400262e+39
1.910950000000000000e+04 2.195444312268381946e+39
2.206729999999999927e+04 1.592820523563449912e+39
2.548300000000000000e+04 1.149709508609163277e+39
2.942729999999999927e+04 8.250247261544364134e+38
3.398209999999999854e+04 5.756306735823174969e+38
3.924190000000000146e+04 4.139422215773959601e+38
4.531580000000000291e+04 2.959121723979411939e+38
5.232990000000000146e+04 2.101115239754163190e+38
6.042959999999999854e+04 1.446048062877382510e+38
6.978310000000000582e+04 1.027542814889710770e+38
8.058419999999999709e+04 7.250990999711161094e+37
9.305719999999999709e+04 5.076314371014219751e+37
1.074610000000000000e+05 3.429661708607004474e+37
1.240940000000000000e+05 2.398792670187934745e+37
1.433010000000000000e+05 1.663952264286322708e+37
1.654820000000000000e+05 1.143343081532349729e+37
1.910950000000000000e+05 7.535660760130946729e+36
2.206730000000000000e+05 5.161873255827019065e+36
2.548300000000000000e+05 3.500752174728661452e+36
2.942730000000000000e+05 2.347236017576968685e+36
3.398210000000000000e+05 1.496574385031432699e+36
3.924190000000000000e+05 9.975555416212831949e+35
4.531580000000000000e+05 6.569015145789122086e+35
5.232990000000000000e+05 4.265917693266272155e+35
6.042960000000000000e+05 2.601850372357986853e+35
6.978310000000000000e+05 1.673783846750051079e+35
8.058420000000000000e+05 1.060861233421412263e+35
9.305720000000000000e+05 6.609739977398651562e+34
1.074610000000000000e+06 3.798612728839599370e+34
1.240940000000000000e+06 2.333982496938210016e+34
1.433010000000000000e+06 1.408159790955765515e+34
1.654820000000000000e+06 8.318263366137051515e+33
1.910950000000000000e+06 4.413302046537091020e+33
2.206730000000000000e+06 2.555991972120861458e+33
2.548300000000000000e+06 1.447616106238154077e+33
2.942730000000000000e+06 7.987775132180496135e+32
3.398210000000000000e+06 3.802837583386961008e+32
3.924190000000000000e+06 2.041084310938898339e+32
4.531580000000000000e+06 1.065997175254336190e+32
5.232990000000000000e+06 5.391013255818904548e+31
6.042960000000000000e+06 2.210791894883738681e+31
6.978310000000000000e+06 1.075064765444076199e+31
8.058420000000000000e+06 5.057184916162888366e+30
9.305720000000000000e+06 2.286565008312032509e+30
1.074610000000000000e+07 7.589325083607457605e+29
1.240940000000000000e+07 3.238066735158450917e+29
1.433010000000000000e+07 1.327488512003750887e+29
1.654820000000000000e+07 5.189030804133973689e+28
1.910950000000000000e+07 1.256326582322274254e+28
2.206730000000000000e+07 4.463525901828223285e+27
2.548300000000000000e+07 1.510838758622742993e+27
2.942730000000000000e+07 4.854966354212323125e+26
3.398210000000000000e+07 6.971889400046278553e+25
3.924190000000000000e+07 1.820232372294143148e+25
4.531580000000000000e+07 4.340326545719087510e+24
5.232990000000000000e+07 9.667123421426672866e+23
6.042960000000000000e+07 3.819582597308657906e+22
6.978310000000000000e+07 3.322095944401015013e+21
8.058420000000000000e+07 7.696598369235823821e+19
9.305720000000000000e+07 0.000000000000000000e+00
