1.074610000000000047e-16 0.000000000000000000e+00
1.240940000000000054e-16 0.000000000000000000e+00
1.433009999999999988e-16 0.000000000000000000e+00
1.654819999999999889e-16 0.000000000000000000e+00
1.910950000000000020e-16 0.000000000000000000e+00
2.206729999999999967e-16 0.000000000000000000e+00
2.548299999999999914e-16 0.000000000000000000e+00
2.942729999999999995e-16 0.000000000000000000e+00
3.398209999999999854e-16 0.000000000000000000e+00
3.924190000000000071e-16 0.000000000000000000e+00
4.531580000000000165e-16 0.000000000000000000e+00
5.232990000000000256e-16 0.000000000000000000e+00
6.042960000000000084e-16 0.000000000000000000e+00
6.978310000000000580e-16 0.000000000000000000e+00
8.058419999999999311e-16 0.000000000000000000e+00
9.305720000000000863e-16 0.000000000000000000e+00
1.074609999999999923e-15 0.000000000000000000e+00
1.240940000000000005e-15 0.000000000000000000e+00
1.433009999999999988e-15 0.000000000000000000e+00
1.654819999999999938e-15 0.000000000000000000e+00
1.910950000000000020e-15 0.000000000000000000e+00
2.206729999999999868e-15 0.000000000000000000e+00
2.548299999999999618e-15 0.000000000000000000e+00
2.942730000000000389e-15 0.000000000000000000e+00
3.398210000000000052e-15 0.000000000000000000e+00
3.924189999999999578e-15 0.000000000000000000e+00
4.531580000000000165e-15 0.000000000000000000e+00
5.232989999999999861e-15 0.000000000000000000e+00
6.042959999999999886e-15 0.000000000000000000e+00
6.978309999999999594e-15 0.000000000000000000e+00
8.058419999999999705e-15 0.000000000000000000e+00
9.305719999999999285e-15 0.000000000000000000e+00
1.074610000000000002e-14 0.000000000000000000e+00
1.240940000000000005e-14 0.000000000000000000e+00
1.433010000000000146e-14 0.000000000000000000e+00
1.654819999999999859e-14 0.000000000000000000e+00
1.910950000000000178e-14 0.000000000000000000e+00
2.206730000000000105e-14 0.000000000000000000e+00
2.548299999999999855e-14 0.000000000000000000e+00
2.942730000000000074e-14 0.000000000000000000e+00
3.398209999999999815e-14 0.000000000000000000e+00
3.924190000000000367e-14 0.000000000000000000e+00
4.531579999999999534e-14 0.000000000000000000e+00
5.232990000000000177e-14 0.000000000000000000e+00
6.042959999999999729e-14 0.000000000000000000e+00
6.978310000000000383e-14 0.000000000000000000e+00
8.058419999999999705e-14 0.000000000000000000e+00
9.305719999999999601e-14 0.000000000000000000e+00
1.074610000000000128e-13 0.000000000000000000e+00
1.240939999999999910e-13 0.000000000000000000e+00
1.433010000000000020e-13 0.000000000000000000e+00
1.654820000000000112e-13 0.000000000000000000e+00
1.910950000000000051e-13 0.000000000000000000e+00
2.206729999999999979e-13 0.000000000000000000e+00
2.548299999999999855e-13 0.000000000000000000e+00
2.942729999999999821e-13 0.000000000000000000e+00
3.398210000000000320e-13 0.000000000000000000e+00
3.924190000000000367e-13 0.000000000000000000e+00
4.531580000000000165e-13 0.000000000000000000e+00
5.232989999999999293e-13 0.000000000000000000e+00
6.042960000000000738e-13 0.000000000000000000e+00
6.978310000000000383e-13 0.000000000000000000e+00
8.058419999999999705e-13 0.000000000000000000e+00
9.305719999999998843e-13 0.000000000000000000e+00
1.074610000000000002e-12 0.000000000000000000e+00
1.240939999999999961e-12 0.000000000000000000e+00
1.433009999999999970e-12 0.000000000000000000e+00
1.654820000000000011e-12 0.000000000000000000e+00
1.910950000000000051e-12 0.000000000000000000e+00
2.206730000000000231e-12 0.000000000000000000e+00
2.548299999999999956e-12 0.000000000000000000e+00
2.942730000000000326e-12 0.000000000000000000e+00
3.398209999999999916e-12 0.000000000000000000e+00
3.924190000000000468e-12 0.000000000000000000e+00
4.531580000000000367e-12 0.000000000000000000e+00
5.232989999999999899e-12 0.000000000000000000e+00
6.042960000000000334e-12 0.000000000000000000e+00
6.978309999999999979e-12 0.000000000000000000e+00
8.058419999999999907e-12 0.000000000000000000e+00
9.305719999999999247e-12 0.000000000000000000e+00
1.074609999999999921e-11 0.000000000000000000e+00
1.240940000000000001e-11 0.000000000000000000e+00
1.433010000000000010e-11 0.000000000000000000e+00
1.654819999999999849e-11 0.000000000000000000e+00
1.910950000000000132e-11 0.000000000000000000e+00
2.206729999999999989e-11 0.000000000000000000e+00
2.548299999999999875e-11 0.000000000000000000e+00
2.942730000000000084e-11 0.000000000000000000e+00
3.398209999999999916e-11 0.000000000000000000e+00
3.924190000000000306e-11 0.000000000000000000e+00
4.531580000000000367e-11 0.000000000000000000e+00
5.232989999999999576e-11 0.000000000000000000e+00
6.042959999999999365e-11 0.000000000000000000e+00
6.978309999999999656e-11 0.000000000000000000e+00
8.058419999999998938e-11 0.000000000000000000e+00
9.305720000000001186e-11 0.000000000000000000e+00
1.074610000000000051e-10 0.000000000000000000e+00
1.240939999999999904e-10 0.000000000000000000e+00
1.433010000000000204e-10 0.000000000000000000e+00
1.654819999999999979e-10 0.000000000000000000e+00
1.910949999999999744e-10 0.000000000000000000e+00
2.206729999999999989e-10 0.000000000000000000e+00
2.548299999999999875e-10 0.000000000000000000e+00
2.942729999999999825e-10 0.000000000000000000e+00
3.398209999999999787e-10 0.000000000000000000e+00
3.924190000000000177e-10 0.000000000000000000e+00
4.531579999999999979e-10 0.000000000000000000e+00
5.232989999999999318e-10 0.000000000000000000e+00
6.042960000000000399e-10 0.000000000000000000e+00
6.978309999999999656e-10 0.000000000000000000e+00
8.058419999999999972e-10 0.000000000000000000e+00
9.305719999999999377e-10 0.000000000000000000e+00
1.074610000000000077e-09 0.000000000000000000e+00
1.240939999999999853e-09 0.000000000000000000e+00
1.433009999999999997e-09 0.000000000000000000e+00
1.654819999999999875e-09 0.000000000000000000e+00
1.910949999999999900e-09 0.000000000000000000e+00
2.206729999999999885e-09 0.000000000000000000e+00
2.548299999999999979e-09 0.000000000000000000e+00
2.942730000000000239e-09 0.000000000000000000e+00
3.398209999999999994e-09 0.000000000000000000e+00
3.924189999999999453e-09 0.000000000000000000e+00
4.531579999999999772e-09 0.000000000000000000e+00
5.232989999999999731e-09 0.000000000000000000e+00
6.042959999999999572e-09 0.000000000000000000e+00
6.978309999999999242e-09 0.000000000000000000e+00
8.058419999999999972e-09 0.000000000000000000e+00
9.305720000000000824e-09 0.000000000000000000e+00
1.074609999999999952e-08 0.000000000000000000e+00
1.240939999999999894e-08 0.000000000000000000e+00
1.433010000000000038e-08 0.000000000000000000e+00
1.654820000000000123e-08 0.000000000000000000e+00
1.910949999999999982e-08 0.000000000000000000e+00
2.206729999999999803e-08 0.000000000000000000e+00
2.548300000000000061e-08 0.000000000000000000e+00
2.942729999999999908e-08 0.000000000000000000e+00
3.398210000000000490e-08 0.000000000000000000e+00
3.924190000000000280e-08 0.000000000000000000e+00
4.531580000000000268e-08 0.000000000000000000e+00
5.232990000000000062e-08 0.000000000000000000e+00
6.042959999999999737e-08 0.000000000000000000e+00
6.978310000000000235e-08 0.000000000000000000e+00
8.058419999999999972e-08 0.000000000000000000e+00
9.305719999999999501e-08 0.000000000000000000e+00
1.074609999999999986e-07 0.000000000000000000e+00
1.240939999999999993e-07 0.000000000000000000e+00
1.433009999999999939e-07 0.000000000000000000e+00
1.654819999999999991e-07 0.000000000000000000e+00
1.910950000000000048e-07 0.000000000000000000e+00
2.206730000000000067e-07 0.000000000000000000e+00
2.548300000000000127e-07 0.000000000000000000e+00
2.942730000000000305e-07 0.000000000000000000e+00
3.398210000000000093e-07 0.000000000000000000e+00
3.924189999999999883e-07 0.000000000000000000e+00
4.531580000000000136e-07 0.000000000000000000e+00
5.232990000000000062e-07 0.000000000000000000e+00
6.042960000000000796e-07 0.000000000000000000e+00
6.978310000000000235e-07 0.000000000000000000e+00
8.058419999999999707e-07 0.000000000000000000e+00
9.305720000000000030e-07 0.000000000000000000e+00
1.074609999999999906e-06 0.000000000000000000e+00
1.240940000000000099e-06 0.000000000000000000e+00
1.433009999999999939e-06 0.000000000000000000e+00
1.654819999999999938e-06 0.000000000000000000e+00
1.910949999999999890e-06 0.000000000000000000e+00
2.206729999999999961e-06 0.000000000000000000e+00
2.548300000000000233e-06 0.000000000000000000e+00
2.942730000000000199e-06 0.000000000000000000e+00
3.398210000000000199e-06 0.000000000000000000e+00
3.924189999999999777e-06 0.000000000000000000e+00
4.531580000000000242e-06 0.000000000000000000e+00
5.232989999999999850e-06 0.000000000000000000e+00
6.042960000000000161e-06 0.000000000000000000e+00
6.978310000000000447e-06 0.000000000000000000e+00
8.058420000000000342e-06 0.000000000000000000e+00
9.305719999999999395e-06 0.000000000000000000e+00
1.074610000000000033e-05 0.000000000000000000e+00
1.240940000000000015e-05 0.000000000000000000e+00
1.433010000000000024e-05 0.000000000000000000e+00
1.654820000000000192e-05 0.000000000000000000e+00
1.910950000000000059e-05 0.000000000000000000e+00
2.206729999999999792e-05 0.000000000000000000e+00
2.548299999999999979e-05 0.000000000000000000e+00
2.942729999999999860e-05 0.000000000000000000e+00
3.398210000000000114e-05 0.000000000000000000e+00
3.924190000000000116e-05 0.000000000000000000e+00
4.531580000000000411e-05 0.000000000000000000e+00
5.232990000000000189e-05 0.000000000000000000e+00
6.042960000000000161e-05 0.000000000000000000e+00
6.978309999999999938e-05 0.000000000000000000e+00
8.058420000000000004e-05 0.000000000000000000e+00
9.305720000000000072e-05 0.000000000000000000e+00
1.074610000000000067e-04 0.000000000000000000e+00
1.240939999999999947e-04 0.000000000000000000e+00
1.433010000000000024e-04 0.000000000000000000e+00
1.654819999999999989e-04 0.000000000000000000e+00
1.910950000000000127e-04 0.000000000000000000e+00
2.206730000000000063e-04 0.000000000000000000e+00
2.548299999999999979e-04 0.000000000000000000e+00
2.942730000000000064e-04 0.000000000000000000e+00
3.398210000000000250e-04 0.000000000000000000e+00
3.924190000000000252e-04 0.000000000000000000e+00
4.531580000000000005e-04 0.000000000000000000e+00
5.232989999999999647e-04 3.017405214917324260e+52
6.042960000000000432e-04 3.029944877885965426e+52
6.978309999999999938e-04 3.042479787226853751e+52
8.058419999999999733e-04 3.055018990768738954e+52
9.305719999999999530e-04 3.067554426041632668e+52
1.074609999999999932e-03 3.083207861657240582e+52
1.240940000000000055e-03 3.086635727030167031e+52
1.433009999999999970e-03 3.090972876306135365e+52
1.654819999999999989e-03 3.096510742889618970e+52
1.910950000000000018e-03 3.104146687762384996e+52
2.206730000000000063e-03 3.113962344896518570e+52
2.548299999999999871e-03 3.126801571189793578e+52
2.942730000000000172e-03 3.143630858767443025e+52
3.398210000000000033e-03 3.167267799539738540e+52
3.924190000000000143e-03 3.198133671249149567e+52
4.531580000000000330e-03 3.238342915591230680e+52
5.232989999999999864e-03 3.290101155251121301e+52
6.042959999999999998e-03 3.361554521213436785e+52
6.978309999999999721e-03 3.447894843470590494e+52
8.058420000000000166e-03 3.553629622629287630e+52
9.305719999999999964e-03 3.675003904508675072e+52
1.074609999999999975e-02 3.844909698224834118e+52
1.240939999999999925e-02 4.004026439649166287e+52
1.433010000000000013e-02 4.161383886892234755e+52
1.654819999999999902e-02 4.310517861026636908e+52
1.910950000000000149e-02 4.443361743853588403e+52
2.206730000000000150e-02 4.555418421644325716e+52
2.548299999999999871e-02 4.632376851295931906e+52
2.942729999999999999e-02 4.632930730677388675e+52
3.398210000000000119e-02 4.543675289710961877e+52
3.924190000000000317e-02 4.362894904449677722e+52
4.531580000000000330e-02 4.123383154017012431e+52
5.232989999999999864e-02 3.845977484490691732e+52
6.042959999999999998e-02 3.502046894775333745e+52
6.978310000000000068e-02 3.108400074782773476e+52
8.058419999999999472e-02 2.669009185496268198e+52
9.305720000000000658e-02 2.200559119047742744e+52
1.074610000000000010e-01 1.719410121438620089e+52
1.240939999999999960e-01 1.329850125755740482e+52
1.433010000000000117e-01 1.009074454769693060e+52
1.654819999999999902e-01 7.532360251972950420e+51
1.910949999999999871e-01 5.429527239219203618e+51
2.206730000000000080e-01 3.991345353614336024e+51
2.548300000000000010e-01 2.909536417547158540e+51
2.942730000000000068e-01 2.102513304678571811e+51
3.398209999999999842e-01 1.490770979573942316e+51
3.924190000000000178e-01 1.081520811293694225e+51
4.531580000000000052e-01 7.819640603116520214e+50
5.232989999999999586e-01 5.635452607865602147e+50
6.042960000000000553e-01 4.018555215200776038e+50
6.978309999999999791e-01 2.929829615658677214e+50
8.058419999999999472e-01 2.132992240903148931e+50
9.305719999999999548e-01 1.549312705018052190e+50
1.074610000000000065e+00 1.108927314244913358e+50
1.240939999999999932e+00 8.126801052051505598e+49
1.433009999999999895e+00 5.938966688031434007e+49
1.654819999999999958e+00 4.326258421440664630e+49
1.910949999999999926e+00 3.097399239584321538e+49
2.206729999999999858e+00 2.273858902097482165e+49
2.548299999999999788e+00 1.664266047382795673e+49
2.942730000000000068e+00 1.213895869046384949e+49
3.398210000000000175e+00 8.700546830586283686e+48
3.924189999999999845e+00 6.387304404196374409e+48
4.531579999999999941e+00 4.670921785522282927e+48
5.232990000000000030e+00 3.400630866117004413e+48
6.042959999999999887e+00 2.434558880094477759e+48
6.978309999999999569e+00 1.783613699671795838e+48
8.058419999999999916e+00 1.302715683710045799e+48
9.305720000000000880e+00 9.485029007447400343e+47
1.074610000000000021e+01 6.805790780980184754e+47
1.240939999999999976e+01 4.999057001678824414e+47
1.433009999999999984e+01 3.661711664011352286e+47
1.654820000000000135e+01 2.673017288706825829e+47
1.910950000000000060e+01 1.916180945403111781e+47
2.206729999999999947e+01 1.407153420021822177e+47
2.548300000000000054e+01 1.029497417440580957e+47
2.942729999999999890e+01 7.502392578605408100e+46
3.398210000000000264e+01 5.358466570016279903e+46
3.924190000000000111e+01 3.930749212890826704e+46
4.531580000000000297e+01 2.875151311481662053e+46
5.232990000000000208e+01 2.096201562249502919e+46
6.042960000000000065e+01 1.497295370786802328e+46
6.978310000000000457e+01 1.099892113645631302e+46
8.058419999999999561e+01 8.057255393515797869e+45
9.305719999999999459e+01 5.882402313385525988e+45
1.074609999999999985e+02 4.201849708030614231e+45
1.240939999999999941e+02 3.086635028407839174e+45
1.433009999999999877e+02 2.259763456538870878e+45
1.654819999999999993e+02 1.647797804027562986e+45
1.910949999999999989e+02 1.174066525704013926e+45
2.206730000000000018e+02 8.605592853526397200e+44
2.548300000000000125e+02 6.284235822732745033e+44
2.942730000000000246e+02 4.569355642352650034e+44
3.398210000000000264e+02 3.243263180464683266e+44
3.924189999999999827e+02 2.369409623912779261e+44
4.531580000000000155e+02 1.723973716553355682e+44
5.232989999999999782e+02 1.248482217261583774e+44
6.042960000000000491e+02 8.815081526542484157e+43
6.978310000000000173e+02 6.410159903223246213e+43
8.058419999999999845e+02 4.640303458845514722e+43
9.305720000000000027e+02 3.341644719188809483e+43
1.074609999999999900e+03 2.342290629683339038e+43
1.240940000000000055e+03 1.692373699639672718e+43
1.433009999999999991e+03 1.216534467563991542e+43
1.654819999999999936e+03 8.693234538411036680e+42
1.910950000000000045e+03 6.032813772957980290e+42
2.206730000000000018e+03 4.320789969398155538e+42
2.548300000000000182e+03 3.076310950951380137e+42
2.942730000000000018e+03 2.175367762008567716e+42
3.398210000000000036e+03 1.489119999502452445e+42
3.924190000000000055e+03 1.053959235124627489e+42
4.531579999999999927e+03 7.407736437818873179e+41
5.232989999999999782e+03 5.164906185086630852e+41
6.042960000000000036e+03 3.470539222354997174e+41
6.978310000000000400e+03 2.417658786804644428e+41
8.058420000000000073e+03 1.670211141907913257e+41
9.305719999999999345e+03 1.142834169083030825e+41
1.074610000000000036e+04 7.488798924027428901e+40
1.240939999999999964e+04 5.108066020963617708e+40
1.433010000000000036e+04 3.449174468361206541e+40
1.654820000000000073e+04 2.302067948342012053e+40
1.910950000000000000e+04 1.458282063495160427e+40
2.206729999999999927e+04 9.673817467733446125e+39
2.548300000000000000e+04 6.338547442380822927e+39
2.942729999999999927e+04 4.094314972101270080e+39
3.398209999999999854e+04 2.477620727988328889e+39
3.924190000000000146e+04 1.584611840000443336e+39
4.531580000000000291e+04 9.981462736215316264e+38
5.232990000000000146e+04 6.177230586220599525e+38
6.042959999999999854e+04 3.513416652454809026e+38
6.978310000000000582e+04 2.142191520434075547e+38
8.058419999999999709e+04 1.281754617150159386e+38
9.305719999999999709e+04 7.502507380397209779e+37
1.074610000000000000e+05 3.921320994320975736e+37
1.240940000000000000e+05 2.246394164903406056e+37
1.433010000000000000e+05 1.257258128074359818e+37
1.654820000000000000e+05 6.846256281505851161e+36
1.910950000000000000e+05 3.184920179313800315e+36
2.206730000000000000e+05 1.681876613160408396e+36
2.548300000000000000e+05 8.630345638398389157e+35
2.942730000000000000e+05 4.280050773959321280e+35
3.398210000000000000e+05 1.690731333799971064e+35
3.924190000000000000e+05 8.020498431355257835e+34
4.531580000000000000e+05 3.673596132061902279e+34
5.232990000000000000e+05 1.613344535731941260e+34
6.042960000000000000e+05 5.028834835926741843e+33
6.978310000000000000e+05 2.064180404175040023e+33
8.058420000000000000e+05 8.123355775211260082e+32
9.305720000000000000e+05 3.043610226105743922e+32
1.074610000000000000e+06 6.611777362286810346e+31
1.240940000000000000e+06 2.209360498744412937e+31
1.433010000000000000e+06 7.022007451814432570e+30
1.654820000000000000e+06 2.132787347745037940e+30
1.910950000000000000e+06 2.623273207536451410e+29
2.206730000000000000e+06 6.400940288161931030e+28
2.548300000000000000e+06 1.451901353371149598e+28
2.942730000000000000e+06 3.215723049499170034e+27
3.398210000000000000e+06 1.747283432131542027e+26
3.924190000000000000e+06 2.601651452663712869e+25
4.531580000000000000e+06 3.374389130488464877e+24
5.232990000000000000e+06 4.416118733173655654e+23
6.042960000000000000e+06 1.086816516060188613e+22
6.978310000000000000e+06 1.169191622336703758e+21
8.058420000000000000e+06 1.385904060647131709e+20
9.305720000000000000e+06 1.970957577639546470e+19
1.074610000000000000e+07 5.224226241521872000e+17
1.240940000000000000e+07 4.697664036784582400e+16
1.433010000000000000e+07 3.249955993823959000e+15
1.654820000000000000e+07 2.047609535978935938e+14
1.910950000000000000e+07 1.396986006650842285e+12
2.206730000000000000e+07 4.009251551524617004e+10
2.548300000000000000e+07 6.750137690828020573e+08
2.942730000000000000e+07 6.936210458412469365e+06
3.398210000000000000e+07 5.931695516991961995e+03
3.924190000000000000e+07 2.123682110351685992e+01
4.531580000000000000e+07 2.493635343754123726e-02
5.232990000000000000e+07 9.389785185434658575e-06
6.042960000000000000e+07 1.729472747527915083e-10
6.978310000000000000e+07 7.285116180631189931e-15
8.058420000000000000e+07 4.590990794188973768e-20
9.305720000000000000e+07 0.000000000000000000e+00
