1.074610000000000047e-16 0.000000000000000000e+00
1.240940000000000054e-16 0.000000000000000000e+00
1.433009999999999988e-16 0.000000000000000000e+00
1.654819999999999889e-16 0.000000000000000000e+00
1.910950000000000020e-16 0.000000000000000000e+00
2.206729999999999967e-16 0.000000000000000000e+00
2.548299999999999914e-16 0.000000000000000000e+00
2.942729999999999995e-16 0.000000000000000000e+00
3.398209999999999854e-16 0.000000000000000000e+00
3.924190000000000071e-16 0.000000000000000000e+00
4.531580000000000165e-16 0.000000000000000000e+00
5.232990000000000256e-16 0.000000000000000000e+00
6.042960000000000084e-16 0.000000000000000000e+00
6.978310000000000580e-16 0.000000000000000000e+00
8.058419999999999311e-16 0.000000000000000000e+00
9.305720000000000863e-16 0.000000000000000000e+00
1.074609999999999923e-15 0.000000000000000000e+00
1.240940000000000005e-15 0.000000000000000000e+00
1.433009999999999988e-15 0.000000000000000000e+00
1.654819999999999938e-15 0.000000000000000000e+00
1.910950000000000020e-15 0.000000000000000000e+00
2.206729999999999868e-15 0.000000000000000000e+00
2.548299999999999618e-15 0.000000000000000000e+00
2.942730000000000389e-15 0.000000000000000000e+00
3.398210000000000052e-15 0.000000000000000000e+00
3.924189999999999578e-15 0.000000000000000000e+00
4.531580000000000165e-15 0.000000000000000000e+00
5.232989999999999861e-15 0.000000000000000000e+00
6.042959999999999886e-15 0.000000000000000000e+00
6.978309999999999594e-15 0.000000000000000000e+00
8.058419999999999705e-15 0.000000000000000000e+00
9.305719999999999285e-15 0.000000000000000000e+00
1.074610000000000002e-14 0.000000000000000000e+00
1.240940000000000005e-14 0.000000000000000000e+00
1.433010000000000146e-14 0.000000000000000000e+00
1.654819999999999859e-14 0.000000000000000000e+00
1.910950000000000178e-14 0.000000000000000000e+00
2.206730000000000105e-14 0.000000000000000000e+00
2.548299999999999855e-14 0.000000000000000000e+00
2.942730000000000074e-14 0.000000000000000000e+00
3.398209999999999815e-14 0.000000000000000000e+00
3.924190000000000367e-14 0.000000000000000000e+00
4.531579999999999534e-14 0.000000000000000000e+00
5.232990000000000177e-14 0.000000000000000000e+00
6.042959999999999729e-14 0.000000000000000000e+00
6.978310000000000383e-14 0.000000000000000000e+00
8.058419999999999705e-14 0.000000000000000000e+00
9.305719999999999601e-14 0.000000000000000000e+00
1.074610000000000128e-13 0.000000000000000000e+00
1.240939999999999910e-13 0.000000000000000000e+00
1.433010000000000020e-13 0.000000000000000000e+00
1.654820000000000112e-13 0.000000000000000000e+00
1.910950000000000051e-13 0.000000000000000000e+00
2.206729999999999979e-13 0.000000000000000000e+00
2.548299999999999855e-13 0.000000000000000000e+00
2.942729999999999821e-13 0.000000000000000000e+00
3.398210000000000320e-13 0.000000000000000000e+00
3.924190000000000367e-13 0.000000000000000000e+00
4.531580000000000165e-13 0.000000000000000000e+00
5.232989999999999293e-13 0.000000000000000000e+00
6.042960000000000738e-13 0.000000000000000000e+00
6.978310000000000383e-13 0.000000000000000000e+00
8.058419999999999705e-13 0.000000000000000000e+00
9.305719999999998843e-13 0.000000000000000000e+00
1.074610000000000002e-12 0.000000000000000000e+00
1.240939999999999961e-12 0.000000000000000000e+00
1.433009999999999970e-12 0.000000000000000000e+00
1.654820000000000011e-12 0.000000000000000000e+00
1.910950000000000051e-12 0.000000000000000000e+00
2.206730000000000231e-12 0.000000000000000000e+00
2.548299999999999956e-12 0.000000000000000000e+00
2.942730000000000326e-12 0.000000000000000000e+00
3.398209999999999916e-12 0.000000000000000000e+00
3.924190000000000468e-12 0.000000000000000000e+00
4.531580000000000367e-12 0.000000000000000000e+00
5.232989999999999899e-12 0.000000000000000000e+00
6.042960000000000334e-12 0.000000000000000000e+00
6.978309999999999979e-12 0.000000000000000000e+00
8.058419999999999907e-12 0.000000000000000000e+00
9.305719999999999247e-12 0.000000000000000000e+00
1.074609999999999921e-11 0.000000000000000000e+00
1.240940000000000001e-11 0.000000000000000000e+00
1.433010000000000010e-11 0.000000000000000000e+00
1.654819999999999849e-11 0.000000000000000000e+00
1.910950000000000132e-11 0.000000000000000000e+00
2.206729999999999989e-11 0.000000000000000000e+00
2.548299999999999875e-11 0.000000000000000000e+00
2.942730000000000084e-11 0.000000000000000000e+00
3.398209999999999916e-11 0.000000000000000000e+00
3.924190000000000306e-11 0.000000000000000000e+00
4.531580000000000367e-11 0.000000000000000000e+00
5.232989999999999576e-11 0.000000000000000000e+00
6.042959999999999365e-11 0.000000000000000000e+00
6.978309999999999656e-11 0.000000000000000000e+00
8.058419999999998938e-11 0.000000000000000000e+00
9.305720000000001186e-11 0.000000000000000000e+00
1.074610000000000051e-10 0.000000000000000000e+00
1.240939999999999904e-10 0.000000000000000000e+00
1.433010000000000204e-10 0.000000000000000000e+00
1.654819999999999979e-10 0.000000000000000000e+00
1.910949999999999744e-10 0.000000000000000000e+00
2.206729999999999989e-10 0.000000000000000000e+00
2.548299999999999875e-10 0.000000000000000000e+00
2.942729999999999825e-10 0.000000000000000000e+00
3.398209999999999787e-10 0.000000000000000000e+00
3.924190000000000177e-10 0.000000000000000000e+00
4.531579999999999979e-10 0.000000000000000000e+00
5.232989999999999318e-10 0.000000000000000000e+00
6.042960000000000399e-10 0.000000000000000000e+00
6.978309999999999656e-10 0.000000000000000000e+00
8.058419999999999972e-10 0.000000000000000000e+00
9.305719999999999377e-10 0.000000000000000000e+00
1.074610000000000077e-09 0.000000000000000000e+00
1.240939999999999853e-09 0.000000000000000000e+00
1.433009999999999997e-09 0.000000000000000000e+00
1.654819999999999875e-09 0.000000000000000000e+00
1.910949999999999900e-09 0.000000000000000000e+00
2.206729999999999885e-09 0.000000000000000000e+00
2.548299999999999979e-09 0.000000000000000000e+00
2.942730000000000239e-09 0.000000000000000000e+00
3.398209999999999994e-09 0.000000000000000000e+00
3.924189999999999453e-09 0.000000000000000000e+00
4.531579999999999772e-09 0.000000000000000000e+00
5.232989999999999731e-09 0.000000000000000000e+00
6.042959999999999572e-09 0.000000000000000000e+00
6.978309999999999242e-09 0.000000000000000000e+00
8.058419999999999972e-09 0.000000000000000000e+00
9.305720000000000824e-09 0.000000000000000000e+00
1.074609999999999952e-08 0.000000000000000000e+00
1.240939999999999894e-08 0.000000000000000000e+00
1.433010000000000038e-08 0.000000000000000000e+00
1.654820000000000123e-08 0.000000000000000000e+00
1.910949999999999982e-08 0.000000000000000000e+00
2.206729999999999803e-08 0.000000000000000000e+00
2.548300000000000061e-08 0.000000000000000000e+00
2.942729999999999908e-08 0.000000000000000000e+00
3.398210000000000490e-08 0.000000000000000000e+00
3.924190000000000280e-08 0.000000000000000000e+00
4.531580000000000268e-08 0.000000000000000000e+00
5.232990000000000062e-08 0.000000000000000000e+00
6.042959999999999737e-08 0.000000000000000000e+00
6.978310000000000235e-08 0.000000000000000000e+00
8.058419999999999972e-08 0.000000000000000000e+00
9.305719999999999501e-08 0.000000000000000000e+00
1.074609999999999986e-07 0.000000000000000000e+00
1.240939999999999993e-07 0.000000000000000000e+00
1.433009999999999939e-07 0.000000000000000000e+00
1.654819999999999991e-07 0.000000000000000000e+00
1.910950000000000048e-07 0.000000000000000000e+00
2.206730000000000067e-07 0.000000000000000000e+00
2.548300000000000127e-07 0.000000000000000000e+00
2.942730000000000305e-07 0.000000000000000000e+00
3.398210000000000093e-07 0.000000000000000000e+00
3.924189999999999883e-07 0.000000000000000000e+00
4.531580000000000136e-07 0.000000000000000000e+00
5.232990000000000062e-07 0.000000000000000000e+00
6.042960000000000796e-07 0.000000000000000000e+00
6.978310000000000235e-07 0.000000000000000000e+00
8.058419999999999707e-07 0.000000000000000000e+00
9.305720000000000030e-07 0.000000000000000000e+00
1.074609999999999906e-06 0.000000000000000000e+00
1.240940000000000099e-06 0.000000000000000000e+00
1.433009999999999939e-06 0.000000000000000000e+00
1.654819999999999938e-06 0.000000000000000000e+00
1.910949999999999890e-06 0.000000000000000000e+00
2.206729999999999961e-06 0.000000000000000000e+00
2.548300000000000233e-06 0.000000000000000000e+00
2.942730000000000199e-06 0.000000000000000000e+00
3.398210000000000199e-06 0.000000000000000000e+00
3.924189999999999777e-06 0.000000000000000000e+00
4.531580000000000242e-06 0.000000000000000000e+00
5.232989999999999850e-06 0.000000000000000000e+00
6.042960000000000161e-06 0.000000000000000000e+00
6.978310000000000447e-06 0.000000000000000000e+00
8.058420000000000342e-06 0.000000000000000000e+00
9.305719999999999395e-06 0.000000000000000000e+00
1.074610000000000033e-05 0.000000000000000000e+00
1.240940000000000015e-05 0.000000000000000000e+00
1.433010000000000024e-05 0.000000000000000000e+00
1.654820000000000192e-05 0.000000000000000000e+00
1.910950000000000059e-05 0.000000000000000000e+00
2.206729999999999792e-05 0.000000000000000000e+00
2.548299999999999979e-05 0.000000000000000000e+00
2.942729999999999860e-05 0.000000000000000000e+00
3.398210000000000114e-05 0.000000000000000000e+00
3.924190000000000116e-05 0.000000000000000000e+00
4.531580000000000411e-05 0.000000000000000000e+00
5.232990000000000189e-05 0.000000000000000000e+00
6.042960000000000161e-05 0.000000000000000000e+00
6.978309999999999938e-05 0.000000000000000000e+00
8.058420000000000004e-05 0.000000000000000000e+00
9.305720000000000072e-05 0.000000000000000000e+00
1.074610000000000067e-04 0.000000000000000000e+00
1.240939999999999947e-04 0.000000000000000000e+00
1.433010000000000024e-04 0.000000000000000000e+00
1.654819999999999989e-04 0.000000000000000000e+00
1.910950000000000127e-04 0.000000000000000000e+00
2.206730000000000063e-04 0.000000000000000000e+00
2.548299999999999979e-04 0.000000000000000000e+00
2.942730000000000064e-04 0.000000000000000000e+00
3.398210000000000250e-04 0.000000000000000000e+00
3.924190000000000252e-04 0.000000000000000000e+00
4.531580000000000005e-04 0.000000000000000000e+00
5.232989999999999647e-04 2.475905847124593690e+51
6.042960000000000432e-04 2.486193244294238295e+51
6.978309999999999938e-04 2.496481017543067560e+51
8.058419999999999733e-04 2.506766273543709160e+51
9.305719999999999530e-04 2.517054277054022906e+51
1.074609999999999932e-03 2.529898842166776874e+51
1.240940000000000055e-03 2.532712333882768946e+51
1.433009999999999970e-03 2.536269530829643129e+51
1.654819999999999989e-03 2.540812327253455015e+51
1.910950000000000018e-03 2.547080839121964126e+51
2.206730000000000063e-03 2.555137596827843118e+51
2.548299999999999871e-03 2.565670650987919183e+51
2.942730000000000172e-03 2.579478254541547300e+51
3.398210000000000033e-03 2.598875761945028945e+51
3.924190000000000143e-03 2.624203878302632057e+51
4.531580000000000330e-03 2.657196474542486025e+51
5.232989999999999864e-03 2.699665060506222410e+51
6.042959999999999998e-03 2.758300598790396249e+51
6.978309999999999721e-03 2.829140084790083354e+51
8.058420000000000166e-03 2.915904299913015087e+51
9.305719999999999964e-03 3.015493754163933215e+51
1.074609999999999975e-02 3.154917957084788466e+51
1.240939999999999925e-02 3.285469740705980738e+51
1.433010000000000013e-02 3.414586199101734824e+51
1.654819999999999902e-02 3.536961974220458059e+51
1.910950000000000149e-02 3.645967079990803127e+51
2.206730000000000150e-02 3.737907317507453652e+51
2.548299999999999871e-02 3.801059584327102279e+51
2.942729999999999999e-02 3.801508273838927228e+51
3.398210000000000119e-02 3.728273260148552051e+51
3.924190000000000317e-02 3.579932749773751775e+51
4.531580000000000330e-02 3.383407010355555643e+51
5.232989999999999864e-02 3.155784266745191386e+51
6.042959999999999998e-02 2.873578900973962583e+51
6.978310000000000068e-02 2.550575108611201837e+51
8.058419999999999472e-02 2.190040307246547507e+51
9.305720000000000658e-02 1.805659444588011829e+51
1.074610000000000010e-01 1.410858717384121985e+51
1.240939999999999960e-01 1.091212233457053794e+51
1.433010000000000117e-01 8.279994388253417649e+50
1.654819999999999902e-01 6.180736958664362431e+50
1.910949999999999871e-01 4.455264609292225953e+50
2.206730000000000080e-01 3.275165903786424714e+50
2.548300000000000010e-01 2.387482569557049865e+50
2.942730000000000068e-01 1.725274164913716086e+50
3.398209999999999842e-01 1.223304104351491817e+50
3.924190000000000178e-01 8.874884500164251317e+49
4.531580000000000052e-01 6.416815737969830788e+49
5.232989999999999586e-01 4.624513721289522920e+49
6.042960000000000553e-01 3.297726648519171686e+49
6.978309999999999791e-01 2.404334986946663461e+49
8.058419999999999472e-01 1.750453181180155777e+49
9.305719999999999548e-01 1.271483433170191952e+49
1.074610000000000065e+00 9.100983356698635683e+48
1.240939999999999932e+00 6.669882041546112457e+48
1.433009999999999895e+00 4.874448202823431797e+48
1.654819999999999958e+00 3.550956754186752227e+48
1.910949999999999926e+00 2.542464333843290956e+48
2.206729999999999858e+00 1.866574999781782814e+48
2.548299999999999788e+00 1.366259593848294749e+48
2.942730000000000068e+00 9.966118439824474672e+47
3.398210000000000175e+00 7.143875880802682868e+47
3.924189999999999845e+00 5.245034399721135576e+47
4.531579999999999941e+00 3.836050707045856795e+47
5.232990000000000030e+00 2.793197297621798234e+47
6.042959999999999887e+00 2.000036675361451159e+47
6.978309999999999569e+00 1.465535013608690395e+47
8.058419999999999916e+00 1.070620366626714173e+47
9.305720000000000880e+00 7.797013508375442649e+46
1.074610000000000021e+01 5.596282852260893602e+46
1.240939999999999976e+01 4.111884623210145971e+46
1.433009999999999984e+01 3.012921714722719504e+46
1.654820000000000135e+01 2.200286956193925731e+46
1.910950000000000060e+01 1.578106080643978834e+46
2.206729999999999947e+01 1.159478966766621627e+46
2.548300000000000054e+01 8.487917369965673553e+45
2.942729999999999890e+01 6.189687567209765549e+45
3.398210000000000264e+01 4.424741894731506317e+45
3.924190000000000111e+01 3.248558574915173676e+45
4.531580000000000297e+01 2.378457969092757817e+45
5.232990000000000208e+01 1.735982443221944033e+45
6.042960000000000065e+01 1.241752056141720746e+45
6.978310000000000457e+01 9.134035965576271612e+44
8.058419999999999561e+01 6.701318535995887313e+44
9.305719999999999459e+01 4.900886709513649057e+44
1.074609999999999985e+02 3.508526501220052902e+44
1.240939999999999941e+02 2.582717567386436764e+44
1.433009999999999877e+02 1.895286065612672908e+44
1.654819999999999993e+02 1.385691826087387791e+44
1.910949999999999989e+02 9.907102904353959572e+43
2.206730000000000018e+02 7.284917185345466916e+43
2.548300000000000125e+02 5.338877536702294422e+43
2.942730000000000246e+02 3.897594522979899540e+43
3.398210000000000264e+02 2.780903617630178755e+43
3.924189999999999827e+02 2.041384468429494317e+43
4.531580000000000155e+02 1.493249044187955323e+43
5.232989999999999782e+02 1.087853482412440566e+43
6.042960000000000491e+02 7.740465887170430368e+42
6.978310000000000173e+02 5.668402025068518516e+42
8.058419999999999845e+02 4.135386218492478050e+42
9.305720000000000027e+02 3.003878147000416045e+42
1.074609999999999900e+03 2.129289488186960999e+42
1.240940000000000055e+03 1.554062239843076628e+42
1.433009999999999991e+03 1.129591093425649604e+42
1.654819999999999936e+03 8.171705353070180311e+41
1.910950000000000045e+03 5.762286479634697563e+41
2.206730000000000018e+03 4.186006461804314944e+41
2.548300000000000182e+03 3.027099920344183369e+41
2.942730000000000018e+03 2.177587511570235016e+41
3.398210000000000036e+03 1.524438968459164831e+41
3.924190000000000055e+03 1.100343781884177426e+41
4.531579999999999927e+03 7.901451515027488387e+40
5.232989999999999782e+03 5.640414554071545688e+40
6.042960000000000036e+03 3.909522252435867294e+40
6.978310000000000400e+03 2.797353489941196184e+40
8.058420000000000073e+03 1.989704153882417324e+40
9.305719999999999345e+03 1.405617356315483978e+40
1.074610000000000036e+04 9.611351030821280766e+39
1.240939999999999964e+04 6.796766902386781042e+39
1.433010000000000036e+04 4.773031843330303174e+39
1.654820000000000073e+04 3.325120748356208697e+39
1.910950000000000000e+04 2.232332040141098112e+39
2.206729999999999927e+04 1.554071466526793087e+39
2.548300000000000000e+04 1.072959835492871195e+39
2.942729999999999927e+04 7.337733083207729709e+38
3.398209999999999854e+04 4.806105591308978207e+38
3.924190000000000146e+04 3.277380263093222757e+38
4.531580000000000291e+04 2.212707095603031360e+38
5.232990000000000146e+04 1.476859699235480149e+38
6.042959999999999854e+04 9.358717086449341942e+37
6.978310000000000582e+04 6.211335149061314808e+37
8.058419999999999709e+04 4.072739638220714606e+37
9.305719999999999709e+04 2.633428547620910226e+37
1.074610000000000000e+05 1.596546083764884047e+37
1.240940000000000000e+05 1.022910030772456992e+37
1.433010000000000000e+05 6.457308382224619993e+36
1.654820000000000000e+05 4.006874687933128188e+36
1.910950000000000000e+05 2.289241614887047105e+36
2.206730000000000000e+05 1.401138398972348392e+36
2.548300000000000000e+05 8.420801991384795801e+35
2.942730000000000000e+05 4.954602995480158729e+35
3.398210000000000000e+05 2.612467801242536248e+35
3.924190000000000000e+05 1.506902738774589393e+35
4.531580000000000000e+05 8.498861424214950839e+34
5.232990000000000000e+05 4.668591874814298882e+34
6.042960000000000000e+05 2.205530261605913642e+34
6.978310000000000000e+05 1.177594122830477812e+34
8.058420000000000000e+05 6.115751726982119917e+33
9.305720000000000000e+05 3.073580836237380966e+33
1.074610000000000000e+06 1.245139288952563525e+33
1.240940000000000000e+06 6.004967919782559860e+32
1.433010000000000000e+06 2.799272188497271412e+32
1.654820000000000000e+06 1.252833828498097818e+32
1.910950000000000000e+06 4.065525123555553626e+31
2.206730000000000000e+06 1.709591495429566677e+31
2.548300000000000000e+06 6.899756713007497909e+30
2.942730000000000000e+06 2.652615081626085704e+30
3.398210000000000000e+06 6.151649113440503146e+29
3.924190000000000000e+06 2.132557413575415648e+29
4.531580000000000000e+06 7.042746885994971904e+28
5.232990000000000000e+06 2.216990021375067483e+28
6.042960000000000000e+06 3.022609921324968159e+27
6.978310000000000000e+06 7.819944470625518356e+26
8.058420000000000000e+06 1.892676196350513012e+26
9.305720000000000000e+06 4.451108240391308401e+25
1.074610000000000000e+07 2.758786636814744593e+24
1.240940000000000000e+07 4.461569711936674474e+23
1.433010000000000000e+07 6.300995666659525421e+22
1.654820000000000000e+07 8.749283939886464762e+21
1.910950000000000000e+07 1.869574326601287598e+20
2.206730000000000000e+07 1.390323859356770509e+19
2.548300000000000000e+07 7.547755465241895680e+17
2.942730000000000000e+07 3.526812113005091200e+16
3.398210000000000000e+07 1.645071808339955938e+14
3.924190000000000000e+07 3.358288334417473633e+12
4.531580000000000000e+07 3.649833251622830963e+10
5.232990000000000000e+07 2.097360958805115819e+08
6.042960000000000000e+07 9.193439953266417433e+04
6.978310000000000000e+07 1.503358343595089366e+02
8.058420000000000000e+07 6.707734455138616991e-02
9.305720000000000000e+07 0.000000000000000000e+00
