1.074610000000000047e-16 0.000000000000000000e+00
1.240940000000000054e-16 0.000000000000000000e+00
1.433009999999999988e-16 0.000000000000000000e+00
1.654819999999999889e-16 0.000000000000000000e+00
1.910950000000000020e-16 0.000000000000000000e+00
2.206729999999999967e-16 0.000000000000000000e+00
2.548299999999999914e-16 0.000000000000000000e+00
2.942729999999999995e-16 0.000000000000000000e+00
3.398209999999999854e-16 0.000000000000000000e+00
3.924190000000000071e-16 0.000000000000000000e+00
4.531580000000000165e-16 0.000000000000000000e+00
5.232990000000000256e-16 0.000000000000000000e+00
6.042960000000000084e-16 0.000000000000000000e+00
6.978310000000000580e-16 0.000000000000000000e+00
8.058419999999999311e-16 0.000000000000000000e+00
9.305720000000000863e-16 0.000000000000000000e+00
1.074609999999999923e-15 0.000000000000000000e+00
1.240940000000000005e-15 0.000000000000000000e+00
1.433009999999999988e-15 0.000000000000000000e+00
1.654819999999999938e-15 0.000000000000000000e+00
1.910950000000000020e-15 0.000000000000000000e+00
2.206729999999999868e-15 0.000000000000000000e+00
2.548299999999999618e-15 0.000000000000000000e+00
2.942730000000000389e-15 0.000000000000000000e+00
3.398210000000000052e-15 0.000000000000000000e+00
3.924189999999999578e-15 0.000000000000000000e+00
4.531580000000000165e-15 0.000000000000000000e+00
5.232989999999999861e-15 0.000000000000000000e+00
6.042959999999999886e-15 0.000000000000000000e+00
6.978309999999999594e-15 0.000000000000000000e+00
8.058419999999999705e-15 0.000000000000000000e+00
9.305719999999999285e-15 0.000000000000000000e+00
1.074610000000000002e-14 0.000000000000000000e+00
1.240940000000000005e-14 0.000000000000000000e+00
1.433010000000000146e-14 0.000000000000000000e+00
1.654819999999999859e-14 0.000000000000000000e+00
1.910950000000000178e-14 0.000000000000000000e+00
2.206730000000000105e-14 0.000000000000000000e+00
2.548299999999999855e-14 0.000000000000000000e+00
2.942730000000000074e-14 0.000000000000000000e+00
3.398209999999999815e-14 0.000000000000000000e+00
3.924190000000000367e-14 0.000000000000000000e+00
4.531579999999999534e-14 0.000000000000000000e+00
5.232990000000000177e-14 0.000000000000000000e+00
6.042959999999999729e-14 0.000000000000000000e+00
6.978310000000000383e-14 0.000000000000000000e+00
8.058419999999999705e-14 0.000000000000000000e+00
9.305719999999999601e-14 0.000000000000000000e+00
1.074610000000000128e-13 0.000000000000000000e+00
1.240939999999999910e-13 0.000000000000000000e+00
1.433010000000000020e-13 0.000000000000000000e+00
1.654820000000000112e-13 0.000000000000000000e+00
1.910950000000000051e-13 0.000000000000000000e+00
2.206729999999999979e-13 0.000000000000000000e+00
2.548299999999999855e-13 0.000000000000000000e+00
2.942729999999999821e-13 0.000000000000000000e+00
3.398210000000000320e-13 0.000000000000000000e+00
3.924190000000000367e-13 0.000000000000000000e+00
4.531580000000000165e-13 0.000000000000000000e+00
5.232989999999999293e-13 0.000000000000000000e+00
6.042960000000000738e-13 0.000000000000000000e+00
6.978310000000000383e-13 0.000000000000000000e+00
8.058419999999999705e-13 0.000000000000000000e+00
9.305719999999998843e-13 0.000000000000000000e+00
1.074610000000000002e-12 0.000000000000000000e+00
1.240939999999999961e-12 0.000000000000000000e+00
1.433009999999999970e-12 0.000000000000000000e+00
1.654820000000000011e-12 0.000000000000000000e+00
1.910950000000000051e-12 0.000000000000000000e+00
2.206730000000000231e-12 0.000000000000000000e+00
2.548299999999999956e-12 0.000000000000000000e+00
2.942730000000000326e-12 0.000000000000000000e+00
3.398209999999999916e-12 0.000000000000000000e+00
3.924190000000000468e-12 0.000000000000000000e+00
4.531580000000000367e-12 0.000000000000000000e+00
5.232989999999999899e-12 0.000000000000000000e+00
6.042960000000000334e-12 0.000000000000000000e+00
6.978309999999999979e-12 0.000000000000000000e+00
8.058419999999999907e-12 0.000000000000000000e+00
9.305719999999999247e-12 0.000000000000000000e+00
1.074609999999999921e-11 0.000000000000000000e+00
1.240940000000000001e-11 0.000000000000000000e+00
1.433010000000000010e-11 0.000000000000000000e+00
1.654819999999999849e-11 0.000000000000000000e+00
1.910950000000000132e-11 0.000000000000000000e+00
2.206729999999999989e-11 0.000000000000000000e+00
2.548299999999999875e-11 0.000000000000000000e+00
2.942730000000000084e-11 0.000000000000000000e+00
3.398209999999999916e-11 0.000000000000000000e+00
3.924190000000000306e-11 0.000000000000000000e+00
4.531580000000000367e-11 0.000000000000000000e+00
5.232989999999999576e-11 0.000000000000000000e+00
6.042959999999999365e-11 0.000000000000000000e+00
6.978309999999999656e-11 0.000000000000000000e+00
8.058419999999998938e-11 0.000000000000000000e+00
9.305720000000001186e-11 0.000000000000000000e+00
1.074610000000000051e-10 0.000000000000000000e+00
1.240939999999999904e-10 0.000000000000000000e+00
1.433010000000000204e-10 0.000000000000000000e+00
1.654819999999999979e-10 0.000000000000000000e+00
1.910949999999999744e-10 0.000000000000000000e+00
2.206729999999999989e-10 0.000000000000000000e+00
2.548299999999999875e-10 0.000000000000000000e+00
2.942729999999999825e-10 0.000000000000000000e+00
3.398209999999999787e-10 0.000000000000000000e+00
3.924190000000000177e-10 0.000000000000000000e+00
4.531579999999999979e-10 0.000000000000000000e+00
5.232989999999999318e-10 0.000000000000000000e+00
6.042960000000000399e-10 0.000000000000000000e+00
6.978309999999999656e-10 0.000000000000000000e+00
8.058419999999999972e-10 0.000000000000000000e+00
9.305719999999999377e-10 0.000000000000000000e+00
1.074610000000000077e-09 0.000000000000000000e+00
1.240939999999999853e-09 0.000000000000000000e+00
1.433009999999999997e-09 0.000000000000000000e+00
1.654819999999999875e-09 0.000000000000000000e+00
1.910949999999999900e-09 0.000000000000000000e+00
2.206729999999999885e-09 0.000000000000000000e+00
2.548299999999999979e-09 0.000000000000000000e+00
2.942730000000000239e-09 0.000000000000000000e+00
3.398209999999999994e-09 0.000000000000000000e+00
3.924189999999999453e-09 0.000000000000000000e+00
4.531579999999999772e-09 0.000000000000000000e+00
5.232989999999999731e-09 0.000000000000000000e+00
6.042959999999999572e-09 0.000000000000000000e+00
6.978309999999999242e-09 0.000000000000000000e+00
8.058419999999999972e-09 0.000000000000000000e+00
9.305720000000000824e-09 0.000000000000000000e+00
1.074609999999999952e-08 0.000000000000000000e+00
1.240939999999999894e-08 0.000000000000000000e+00
1.433010000000000038e-08 0.000000000000000000e+00
1.654820000000000123e-08 0.000000000000000000e+00
1.910949999999999982e-08 0.000000000000000000e+00
2.206729999999999803e-08 0.000000000000000000e+00
2.548300000000000061e-08 0.000000000000000000e+00
2.942729999999999908e-08 0.000000000000000000e+00
3.398210000000000490e-08 0.000000000000000000e+00
3.924190000000000280e-08 0.000000000000000000e+00
4.531580000000000268e-08 0.000000000000000000e+00
5.232990000000000062e-08 0.000000000000000000e+00
6.042959999999999737e-08 0.000000000000000000e+00
6.978310000000000235e-08 0.000000000000000000e+00
8.058419999999999972e-08 0.000000000000000000e+00
9.305719999999999501e-08 0.000000000000000000e+00
1.074609999999999986e-07 0.000000000000000000e+00
1.240939999999999993e-07 0.000000000000000000e+00
1.433009999999999939e-07 0.000000000000000000e+00
1.654819999999999991e-07 0.000000000000000000e+00
1.910950000000000048e-07 0.000000000000000000e+00
2.206730000000000067e-07 0.000000000000000000e+00
2.548300000000000127e-07 0.000000000000000000e+00
2.942730000000000305e-07 0.000000000000000000e+00
3.398210000000000093e-07 0.000000000000000000e+00
3.924189999999999883e-07 0.000000000000000000e+00
4.531580000000000136e-07 0.000000000000000000e+00
5.232990000000000062e-07 0.000000000000000000e+00
6.042960000000000796e-07 0.000000000000000000e+00
6.978310000000000235e-07 0.000000000000000000e+00
8.058419999999999707e-07 0.000000000000000000e+00
9.305720000000000030e-07 0.000000000000000000e+00
1.074609999999999906e-06 0.000000000000000000e+00
1.240940000000000099e-06 0.000000000000000000e+00
1.433009999999999939e-06 0.000000000000000000e+00
1.654819999999999938e-06 0.000000000000000000e+00
1.910949999999999890e-06 0.000000000000000000e+00
2.206729999999999961e-06 0.000000000000000000e+00
2.548300000000000233e-06 0.000000000000000000e+00
2.942730000000000199e-06 0.000000000000000000e+00
3.398210000000000199e-06 0.000000000000000000e+00
3.924189999999999777e-06 0.000000000000000000e+00
4.531580000000000242e-06 0.000000000000000000e+00
5.232989999999999850e-06 0.000000000000000000e+00
6.042960000000000161e-06 0.000000000000000000e+00
6.978310000000000447e-06 0.000000000000000000e+00
8.058420000000000342e-06 0.000000000000000000e+00
9.305719999999999395e-06 0.000000000000000000e+00
1.074610000000000033e-05 0.000000000000000000e+00
1.240940000000000015e-05 0.000000000000000000e+00
1.433010000000000024e-05 0.000000000000000000e+00
1.654820000000000192e-05 0.000000000000000000e+00
1.910950000000000059e-05 0.000000000000000000e+00
2.206729999999999792e-05 0.000000000000000000e+00
2.548299999999999979e-05 0.000000000000000000e+00
2.942729999999999860e-05 0.000000000000000000e+00
3.398210000000000114e-05 0.000000000000000000e+00
3.924190000000000116e-05 0.000000000000000000e+00
4.531580000000000411e-05 0.000000000000000000e+00
5.232990000000000189e-05 0.000000000000000000e+00
6.042960000000000161e-05 0.000000000000000000e+00
6.978309999999999938e-05 0.000000000000000000e+00
8.058420000000000004e-05 0.000000000000000000e+00
9.305720000000000072e-05 0.000000000000000000e+00
1.074610000000000067e-04 0.000000000000000000e+00
1.240939999999999947e-04 0.000000000000000000e+00
1.433010000000000024e-04 0.000000000000000000e+00
1.654819999999999989e-04 0.000000000000000000e+00
1.910950000000000127e-04 0.000000000000000000e+00
2.206730000000000063e-04 0.000000000000000000e+00
2.548299999999999979e-04 0.000000000000000000e+00
2.942730000000000064e-04 0.000000000000000000e+00
3.398210000000000250e-04 0.000000000000000000e+00
3.924190000000000252e-04 0.000000000000000000e+00
4.531580000000000005e-04 0.000000000000000000e+00
5.232989999999999647e-04 1.438577889261263036e+52
6.042960000000000432e-04 1.444775546213032142e+52
6.978309999999999938e-04 1.450973451938107066e+52
8.058419999999999733e-04 1.457170819011974952e+52
9.305719999999999530e-04 1.463367668420960868e+52
1.074609999999999932e-03 1.470880556729227510e+52
1.240940000000000055e-03 1.472884475813017408e+52
1.433009999999999970e-03 1.475408685909318593e+52
1.654819999999999989e-03 1.478612344645895610e+52
1.910950000000000018e-03 1.482972039369637861e+52
2.206730000000000063e-03 1.488537929006905249e+52
2.548299999999999871e-03 1.495733550059467629e+52
2.942730000000000172e-03 1.505049104953400071e+52
3.398210000000000033e-03 1.517857351059944364e+52
3.924190000000000143e-03 1.534334003303508331e+52
4.531580000000000330e-03 1.555450908566693099e+52
5.232989999999999864e-03 1.582183485187985461e+52
6.042959999999999998e-03 1.618081026954039324e+52
6.978309999999999721e-03 1.660946229202086585e+52
8.058420000000000166e-03 1.712563252523731563e+52
9.305719999999999964e-03 1.771374764119720171e+52
1.074609999999999975e-02 1.850049376174461469e+52
1.240939999999999925e-02 1.924402640257659680e+52
1.433010000000000013e-02 1.997461178840363631e+52
1.654819999999999902e-02 2.066119587237708532e+52
1.910950000000000149e-02 2.126612866646253972e+52
2.206730000000000150e-02 2.177729478765131563e+52
2.548299999999999871e-02 2.212825402186681131e+52
2.942729999999999999e-02 2.212968402536689917e+52
3.398210000000000119e-02 2.172032321382764902e+52
3.924190000000000317e-02 2.089077155344413833e+52
4.531580000000000330e-02 1.978923560637357010e+52
5.232989999999999864e-02 1.851163827289990683e+52
6.042959999999999998e-02 1.692761284346155443e+52
6.978310000000000068e-02 1.510236915594584568e+52
8.058419999999999472e-02 1.305766142426786069e+52
9.305720000000000658e-02 1.086930963283323573e+52
1.074610000000000010e-01 8.625231915078740207e+51
1.240939999999999960e-01 6.771093249059475950e+51
1.433010000000000117e-01 5.226187284837520896e+51
1.654819999999999902e-01 3.976314101498143121e+51
1.910949999999999871e-01 2.941888973950318057e+51
2.206730000000000080e-01 2.209544621486911812e+51
2.548300000000000010e-01 1.647489331727793949e+51
2.942730000000000068e-01 1.219574872173010382e+51
3.398209999999999842e-01 8.900573389002508219e+50
3.924190000000000178e-01 6.618117549819443487e+50
4.531580000000000052e-01 4.909761599268983316e+50
5.232989999999999586e-01 3.635094988558836640e+50
6.042960000000000553e-01 2.671528952862953050e+50
6.978309999999999791e-01 2.000577992293840401e+50
8.058419999999999472e-01 1.497154095900967131e+50
9.305719999999999548e-01 1.118802066323483949e+50
1.074610000000000065e+00 8.270259786407585393e+49
1.240939999999999932e+00 6.232461744244634560e+49
1.433009999999999895e+00 4.686745512493473181e+49
1.654819999999999958e+00 3.515482742181120603e+49
1.910949999999999926e+00 2.603379955841375579e+49
2.206729999999999858e+00 1.965979700643267621e+49
2.548299999999999788e+00 1.480741559310311434e+49
2.942730000000000068e+00 1.111977116094183898e+49
3.398210000000000175e+00 8.242332914221893516e+48
3.924189999999999845e+00 6.222419149717944628e+48
4.531579999999999941e+00 4.681949433985150483e+48
5.232990000000000030e+00 3.510033569177116526e+48
6.042959999999999887e+00 2.598865564938030049e+48
6.978309999999999569e+00 1.958897234316281228e+48
8.058419999999999916e+00 1.472711503610462222e+48
9.305720000000000880e+00 1.104259727768286223e+48
1.074610000000000021e+01 8.187027500977504103e+47
1.240939999999999976e+01 6.181680420038303368e+47
1.433009999999999984e+01 4.655714581841685303e+47
1.654820000000000135e+01 3.495905411049160249e+47
1.910950000000000060e+01 2.588642810910406796e+47
2.206729999999999947e+01 1.953533010607399466e+47
2.548300000000000054e+01 1.469643715027123913e+47
2.942729999999999890e+01 1.101984246070595668e+47
3.398210000000000264e+01 8.137596047616647964e+46
3.924190000000000111e+01 6.135475638369645726e+46
4.531580000000000297e+01 4.614011948172914576e+46
5.232990000000000208e+01 3.459735888131124872e+46
6.042960000000000065e+01 2.553636175265810972e+46
6.978310000000000457e+01 1.926123258294014737e+46
8.058419999999999561e+01 1.448934545210331801e+46
9.305719999999999459e+01 1.086523603475335309e+46
1.074609999999999985e+02 8.010381199649577246e+45
1.240939999999999941e+02 6.035291315830543498e+45
1.433009999999999877e+02 4.532674464580039536e+45
1.654819999999999993e+02 3.391580855783100434e+45
1.910949999999999989e+02 2.492136934961703504e+45
2.206730000000000018e+02 1.872088862216174232e+45
2.548300000000000125e+02 1.401328037598008435e+45
2.942730000000000246e+02 1.044720356221899117e+45
3.398210000000000264e+02 7.640742155940090327e+44
3.924189999999999827e+02 5.715944979909386631e+44
4.531580000000000155e+02 4.259251362585895503e+44
5.232989999999999782e+02 3.159657434352885419e+44
6.042960000000000491e+02 2.296448587560749146e+44
6.978310000000000173e+02 1.708355181318415411e+44
8.058419999999999845e+02 1.265258841244443685e+44
9.305720000000000027e+02 9.323992930560259846e+43
1.074609999999999900e+03 6.720166843262104909e+43
1.240940000000000055e+03 4.962091798135217999e+43
1.433009999999999991e+03 3.645481884301160479e+43
1.654819999999999936e+03 2.662860545483686390e+43
1.910950000000000045e+03 1.897981357854746401e+43
2.206730000000000018e+03 1.387707331794969292e+43
2.548300000000000182e+03 1.008683312930203820e+43
2.942730000000000018e+03 7.283089610406215003e+42
3.398210000000000036e+03 5.114932080190306294e+42
3.924190000000000055e+03 3.691786107370621729e+42
4.531579999999999927e+03 2.646207204646139504e+42
5.232989999999999782e+03 1.881887578191095988e+42
6.042960000000000036e+03 1.296052879393267300e+42
6.978310000000000400e+03 9.197857102355846310e+41
8.058420000000000073e+03 6.473707694844507315e+41
9.305719999999999345e+03 4.513619660063929127e+41
1.074610000000000036e+04 3.028937358105021223e+41
1.240939999999999964e+04 2.102819504716050742e+41
1.433010000000000036e+04 1.445294935520113354e+41
1.654820000000000073e+04 9.820407431777588752e+40
1.910950000000000000e+04 6.366936624818158869e+40
2.206729999999999927e+04 4.295405919521249673e+40
2.548300000000000000e+04 2.862484505900317752e+40
2.942729999999999927e+04 1.880893318386518399e+40
3.398209999999999854e+04 1.164539530181499722e+40
3.924190000000000146e+04 7.569365605328835172e+39
4.531580000000000291e+04 4.845909657243503973e+39
5.232990000000000146e+04 3.048628436763755536e+39
6.042959999999999854e+04 1.774061019830367662e+39
6.978310000000000582e+04 1.098644579445732817e+39
8.058419999999999709e+04 6.677016083400363016e+38
9.305719999999999709e+04 3.970475112481466902e+38
1.074610000000000000e+05 2.123901971500369098e+38
1.240940000000000000e+05 1.235162544354371786e+38
1.433010000000000000e+05 7.017737059669823547e+37
1.654820000000000000e+05 3.879956951835308989e+37
1.910950000000000000e+05 1.848575871231486736e+37
2.206730000000000000e+05 9.905549519660376798e+36
2.548300000000000000e+05 5.157310977955478596e+36
2.942730000000000000e+05 2.595279581757478287e+36
3.398210000000000000e+05 1.051220797156363382e+36
3.924190000000000000e+05 5.058608076289772411e+35
4.531580000000000000e+05 2.349856692897787846e+35
5.232990000000000000e+05 1.046505895425169972e+35
6.042960000000000000e+05 3.351486540219811443e+34
6.978310000000000000e+05 1.395498688421409978e+34
8.058420000000000000e+05 5.568625997327624001e+33
9.305720000000000000e+05 2.114083220490966730e+33
1.074610000000000000e+06 4.733343161473207895e+32
1.240940000000000000e+06 1.605498585186411031e+32
1.433010000000000000e+06 5.177580998365097295e+31
1.654820000000000000e+06 1.592842701449000005e+31
1.910950000000000000e+06 2.023170836762659280e+30
2.206730000000000000e+06 5.017676052413736241e+29
2.548300000000000000e+06 1.157351107889744954e+29
2.942730000000000000e+06 2.601279748020661231e+28
3.398210000000000000e+06 1.455844841500874409e+27
3.924190000000000000e+06 2.207007557018315616e+26
4.531580000000000000e+06 2.919289175835320654e+25
5.232990000000000000e+06 3.891339023329771597e+24
6.042960000000000000e+06 9.832488863209885375e+22
6.978310000000000000e+06 1.076097325768290966e+22
8.058420000000000000e+06 1.298362314926501134e+21
9.305720000000000000e+06 1.877198206785858109e+20
1.074610000000000000e+07 5.111743669846437888e+18
1.240940000000000000e+07 4.684365594766418560e+17
1.433010000000000000e+07 3.310406207168249600e+16
1.654820000000000000e+07 2.133878510934509250e+15
1.910950000000000000e+07 1.493489261822871289e+13
2.206730000000000000e+07 4.372497787138800049e+11
2.548300000000000000e+07 7.528830958233883858e+09
2.942730000000000000e+07 7.941011837692642212e+07
3.398210000000000000e+07 6.967638678152121429e+04
3.924190000000000000e+07 2.559705488655849024e+02
4.531580000000000000e+07 3.090174095652590269e-01
5.232990000000000000e+07 1.197181095071162465e-04
6.042960000000000000e+07 2.269016915493351711e-09
6.978310000000000000e+07 9.836040561839309309e-14
8.058420000000000000e+07 6.379276248893935411e-19
9.305720000000000000e+07 0.000000000000000000e+00
