1.074610000000000047e-16 0.000000000000000000e+00
1.240940000000000054e-16 0.000000000000000000e+00
1.433009999999999988e-16 0.000000000000000000e+00
1.654819999999999889e-16 0.000000000000000000e+00
1.910950000000000020e-16 0.000000000000000000e+00
2.206729999999999967e-16 0.000000000000000000e+00
2.548299999999999914e-16 0.000000000000000000e+00
2.942729999999999995e-16 0.000000000000000000e+00
3.398209999999999854e-16 0.000000000000000000e+00
3.924190000000000071e-16 0.000000000000000000e+00
4.531580000000000165e-16 0.000000000000000000e+00
5.232990000000000256e-16 0.000000000000000000e+00
6.042960000000000084e-16 0.000000000000000000e+00
6.978310000000000580e-16 0.000000000000000000e+00
8.058419999999999311e-16 0.000000000000000000e+00
9.305720000000000863e-16 0.000000000000000000e+00
1.074609999999999923e-15 0.000000000000000000e+00
1.240940000000000005e-15 0.000000000000000000e+00
1.433009999999999988e-15 0.000000000000000000e+00
1.654819999999999938e-15 0.000000000000000000e+00
1.910950000000000020e-15 0.000000000000000000e+00
2.206729999999999868e-15 0.000000000000000000e+00
2.548299999999999618e-15 0.000000000000000000e+00
2.942730000000000389e-15 0.000000000000000000e+00
3.398210000000000052e-15 0.000000000000000000e+00
3.924189999999999578e-15 0.000000000000000000e+00
4.531580000000000165e-15 0.000000000000000000e+00
5.232989999999999861e-15 0.000000000000000000e+00
6.042959999999999886e-15 0.000000000000000000e+00
6.978309999999999594e-15 0.000000000000000000e+00
8.058419999999999705e-15 0.000000000000000000e+00
9.305719999999999285e-15 0.000000000000000000e+00
1.074610000000000002e-14 0.000000000000000000e+00
1.240940000000000005e-14 0.000000000000000000e+00
1.433010000000000146e-14 0.000000000000000000e+00
1.654819999999999859e-14 0.000000000000000000e+00
1.910950000000000178e-14 0.000000000000000000e+00
2.206730000000000105e-14 0.000000000000000000e+00
2.548299999999999855e-14 0.000000000000000000e+00
2.942730000000000074e-14 0.000000000000000000e+00
3.398209999999999815e-14 0.000000000000000000e+00
3.924190000000000367e-14 0.000000000000000000e+00
4.531579999999999534e-14 0.000000000000000000e+00
5.232990000000000177e-14 0.000000000000000000e+00
6.042959999999999729e-14 0.000000000000000000e+00
6.978310000000000383e-14 0.000000000000000000e+00
8.058419999999999705e-14 0.000000000000000000e+00
9.305719999999999601e-14 0.000000000000000000e+00
1.074610000000000128e-13 0.000000000000000000e+00
1.240939999999999910e-13 0.000000000000000000e+00
1.433010000000000020e-13 0.000000000000000000e+00
1.654820000000000112e-13 0.000000000000000000e+00
1.910950000000000051e-13 0.000000000000000000e+00
2.206729999999999979e-13 0.000000000000000000e+00
2.548299999999999855e-13 0.000000000000000000e+00
2.942729999999999821e-13 0.000000000000000000e+00
3.398210000000000320e-13 0.000000000000000000e+00
3.924190000000000367e-13 0.000000000000000000e+00
4.531580000000000165e-13 0.000000000000000000e+00
5.232989999999999293e-13 0.000000000000000000e+00
6.042960000000000738e-13 0.000000000000000000e+00
6.978310000000000383e-13 0.000000000000000000e+00
8.058419999999999705e-13 0.000000000000000000e+00
9.305719999999998843e-13 0.000000000000000000e+00
1.074610000000000002e-12 0.000000000000000000e+00
1.240939999999999961e-12 0.000000000000000000e+00
1.433009999999999970e-12 0.000000000000000000e+00
1.654820000000000011e-12 0.000000000000000000e+00
1.910950000000000051e-12 0.000000000000000000e+00
2.206730000000000231e-12 0.000000000000000000e+00
2.548299999999999956e-12 0.000000000000000000e+00
2.942730000000000326e-12 0.000000000000000000e+00
3.398209999999999916e-12 0.000000000000000000e+00
3.924190000000000468e-12 0.000000000000000000e+00
4.531580000000000367e-12 0.000000000000000000e+00
5.232989999999999899e-12 0.000000000000000000e+00
6.042960000000000334e-12 0.000000000000000000e+00
6.978309999999999979e-12 0.000000000000000000e+00
8.058419999999999907e-12 0.000000000000000000e+00
9.305719999999999247e-12 0.000000000000000000e+00
1.074609999999999921e-11 0.000000000000000000e+00
1.240940000000000001e-11 0.000000000000000000e+00
1.433010000000000010e-11 0.000000000000000000e+00
1.654819999999999849e-11 0.000000000000000000e+00
1.910950000000000132e-11 0.000000000000000000e+00
2.206729999999999989e-11 0.000000000000000000e+00
2.548299999999999875e-11 0.000000000000000000e+00
2.942730000000000084e-11 0.000000000000000000e+00
3.398209999999999916e-11 0.000000000000000000e+00
3.924190000000000306e-11 0.000000000000000000e+00
4.531580000000000367e-11 0.000000000000000000e+00
5.232989999999999576e-11 0.000000000000000000e+00
6.042959999999999365e-11 0.000000000000000000e+00
6.978309999999999656e-11 0.000000000000000000e+00
8.058419999999998938e-11 0.000000000000000000e+00
9.305720000000001186e-11 0.000000000000000000e+00
1.074610000000000051e-10 0.000000000000000000e+00
1.240939999999999904e-10 0.000000000000000000e+00
1.433010000000000204e-10 0.000000000000000000e+00
1.654819999999999979e-10 0.000000000000000000e+00
1.910949999999999744e-10 0.000000000000000000e+00
2.206729999999999989e-10 0.000000000000000000e+00
2.548299999999999875e-10 0.000000000000000000e+00
2.942729999999999825e-10 0.000000000000000000e+00
3.398209999999999787e-10 0.000000000000000000e+00
3.924190000000000177e-10 0.000000000000000000e+00
4.531579999999999979e-10 0.000000000000000000e+00
5.232989999999999318e-10 0.000000000000000000e+00
6.042960000000000399e-10 0.000000000000000000e+00
6.978309999999999656e-10 0.000000000000000000e+00
8.058419999999999972e-10 0.000000000000000000e+00
9.305719999999999377e-10 0.000000000000000000e+00
1.074610000000000077e-09 0.000000000000000000e+00
1.240939999999999853e-09 0.000000000000000000e+00
1.433009999999999997e-09 0.000000000000000000e+00
1.654819999999999875e-09 0.000000000000000000e+00
1.910949999999999900e-09 0.000000000000000000e+00
2.206729999999999885e-09 0.000000000000000000e+00
2.548299999999999979e-09 0.000000000000000000e+00
2.942730000000000239e-09 0.000000000000000000e+00
3.398209999999999994e-09 0.000000000000000000e+00
3.924189999999999453e-09 0.000000000000000000e+00
4.531579999999999772e-09 0.000000000000000000e+00
5.232989999999999731e-09 0.000000000000000000e+00
6.042959999999999572e-09 0.000000000000000000e+00
6.978309999999999242e-09 0.000000000000000000e+00
8.058419999999999972e-09 0.000000000000000000e+00
9.305720000000000824e-09 0.000000000000000000e+00
1.074609999999999952e-08 0.000000000000000000e+00
1.240939999999999894e-08 0.000000000000000000e+00
1.433010000000000038e-08 0.000000000000000000e+00
1.654820000000000123e-08 0.000000000000000000e+00
1.910949999999999982e-08 0.000000000000000000e+00
2.206729999999999803e-08 0.000000000000000000e+00
2.548300000000000061e-08 0.000000000000000000e+00
2.942729999999999908e-08 0.000000000000000000e+00
3.398210000000000490e-08 0.000000000000000000e+00
3.924190000000000280e-08 0.000000000000000000e+00
4.531580000000000268e-08 0.000000000000000000e+00
5.232990000000000062e-08 0.000000000000000000e+00
6.042959999999999737e-08 0.000000000000000000e+00
6.978310000000000235e-08 0.000000000000000000e+00
8.058419999999999972e-08 0.000000000000000000e+00
9.305719999999999501e-08 0.000000000000000000e+00
1.074609999999999986e-07 0.000000000000000000e+00
1.240939999999999993e-07 0.000000000000000000e+00
1.433009999999999939e-07 0.000000000000000000e+00
1.654819999999999991e-07 0.000000000000000000e+00
1.910950000000000048e-07 0.000000000000000000e+00
2.206730000000000067e-07 0.000000000000000000e+00
2.548300000000000127e-07 0.000000000000000000e+00
2.942730000000000305e-07 0.000000000000000000e+00
3.398210000000000093e-07 0.000000000000000000e+00
3.924189999999999883e-07 0.000000000000000000e+00
4.531580000000000136e-07 0.000000000000000000e+00
5.232990000000000062e-07 0.000000000000000000e+00
6.042960000000000796e-07 0.000000000000000000e+00
6.978310000000000235e-07 0.000000000000000000e+00
8.058419999999999707e-07 0.000000000000000000e+00
9.305720000000000030e-07 0.000000000000000000e+00
1.074609999999999906e-06 0.000000000000000000e+00
1.240940000000000099e-06 0.000000000000000000e+00
1.433009999999999939e-06 0.000000000000000000e+00
1.654819999999999938e-06 0.000000000000000000e+00
1.910949999999999890e-06 0.000000000000000000e+00
2.206729999999999961e-06 0.000000000000000000e+00
2.548300000000000233e-06 0.000000000000000000e+00
2.942730000000000199e-06 0.000000000000000000e+00
3.398210000000000199e-06 0.000000000000000000e+00
3.924189999999999777e-06 0.000000000000000000e+00
4.531580000000000242e-06 0.000000000000000000e+00
5.232989999999999850e-06 0.000000000000000000e+00
6.042960000000000161e-06 0.000000000000000000e+00
6.978310000000000447e-06 0.000000000000000000e+00
8.058420000000000342e-06 0.000000000000000000e+00
9.305719999999999395e-06 0.000000000000000000e+00
1.074610000000000033e-05 0.000000000000000000e+00
1.240940000000000015e-05 0.000000000000000000e+00
1.433010000000000024e-05 0.000000000000000000e+00
1.654820000000000192e-05 0.000000000000000000e+00
1.910950000000000059e-05 0.000000000000000000e+00
2.206729999999999792e-05 0.000000000000000000e+00
2.548299999999999979e-05 0.000000000000000000e+00
2.942729999999999860e-05 0.000000000000000000e+00
3.398210000000000114e-05 0.000000000000000000e+00
3.924190000000000116e-05 0.000000000000000000e+00
4.531580000000000411e-05 0.000000000000000000e+00
5.232990000000000189e-05 0.000000000000000000e+00
6.042960000000000161e-05 0.000000000000000000e+00
6.978309999999999938e-05 0.000000000000000000e+00
8.058420000000000004e-05 0.000000000000000000e+00
9.305720000000000072e-05 0.000000000000000000e+00
1.074610000000000067e-04 0.000000000000000000e+00
1.240939999999999947e-04 0.000000000000000000e+00
1.433010000000000024e-04 0.000000000000000000e+00
1.654819999999999989e-04 0.000000000000000000e+00
1.910950000000000127e-04 0.000000000000000000e+00
2.206730000000000063e-04 0.000000000000000000e+00
2.548299999999999979e-04 0.000000000000000000e+00
2.942730000000000064e-04 0.000000000000000000e+00
3.398210000000000250e-04 0.000000000000000000e+00
3.924190000000000252e-04 0.000000000000000000e+00
4.531580000000000005e-04 0.000000000000000000e+00
5.232989999999999647e-04 2.206756947924489506e+52
6.042960000000000432e-04 2.216142065145826468e+52
6.978309999999999938e-04 2.225526268939073155e+52
8.058419999999999733e-04 2.234913649561861718e+52
9.305719999999999530e-04 2.244297042090585189e+52
1.074609999999999932e-03 2.255393573357716406e+52
1.240940000000000055e-03 2.258175058682606797e+52
1.433009999999999970e-03 2.261713543041631501e+52
1.654819999999999989e-03 2.266265689055738206e+52
1.910950000000000018e-03 2.272573012649317264e+52
2.206730000000000063e-03 2.280739168448290594e+52
2.548299999999999871e-03 2.291457512476351162e+52
2.942730000000000172e-03 2.305536337713317451e+52
3.398210000000000033e-03 2.325270758779986237e+52
3.924190000000000143e-03 2.350998263796170412e+52
4.531580000000000330e-03 2.384370355100459313e+52
5.232989999999999864e-03 2.426945821811098789e+52
6.042959999999999998e-03 2.484436051216364754e+52
6.978309999999999721e-03 2.552841695697631523e+52
8.058420000000000166e-03 2.634811235743560367e+52
9.305719999999999964e-03 2.727934576057462846e+52
1.074609999999999975e-02 2.844625466797948147e+52
1.240939999999999925e-02 2.957788081242029415e+52
1.433010000000000013e-02 3.068967330374537957e+52
1.654819999999999902e-02 3.172977658853262551e+52
1.910950000000000149e-02 3.263387143874065637e+52
2.206730000000000150e-02 3.340876502131059466e+52
2.548299999999999871e-02 3.394937399211508130e+52
2.942729999999999999e-02 3.395559772004262923e+52
3.398210000000000119e-02 3.333222268818409116e+52
3.924190000000000317e-02 3.206406610983090879e+52
4.531580000000000330e-02 3.037564306777066339e+52
5.232989999999999864e-02 2.842664194523969527e+52
6.042959999999999998e-02 2.602483920989861612e+52
6.978310000000000068e-02 2.324033337842299215e+52
8.058419999999999472e-02 2.011627743249698689e+52
9.305720000000000658e-02 1.676440978622578897e+52
1.074610000000000010e-01 1.335271709810272538e+52
1.240939999999999960e-01 1.048022063328004048e+52
1.433010000000000117e-01 8.074300969271813750e+51
1.654819999999999902e-01 6.119909572311325440e+51
1.910949999999999871e-01 4.505466800524647349e+51
2.206730000000000080e-01 3.349364124774952025e+51
2.548300000000000010e-01 2.463862348658170300e+51
2.942730000000000068e-01 1.793647942049730636e+51
3.398209999999999842e-01 1.281691734377434514e+51
3.924190000000000178e-01 9.335489820229985497e+50
4.531580000000000052e-01 6.772145119076249124e+50
5.232989999999999586e-01 4.894235777593102542e+50
6.042960000000000553e-01 3.499621334665423088e+50
6.978309999999999791e-01 2.556384144437837145e+50
8.058419999999999472e-01 1.864457804206524083e+50
9.305719999999999548e-01 1.356615733296842779e+50
1.074610000000000065e+00 9.728631955033066824e+49
1.240939999999999932e+00 7.141181306316848338e+49
1.433009999999999895e+00 5.227434294611845976e+49
1.654819999999999958e+00 3.814616933476501655e+49
1.910949999999999926e+00 2.736779925869608729e+49
2.206729999999999858e+00 2.012774246316001070e+49
2.548299999999999788e+00 1.476001348928114676e+49
2.942730000000000068e+00 1.078768062299426546e+49
3.398210000000000175e+00 7.750901891366853318e+48
3.924189999999999845e+00 5.702318820153198266e+48
4.531579999999999941e+00 4.179499056512902355e+48
5.232990000000000030e+00 3.050283888653992347e+48
6.042959999999999887e+00 2.190099466936758858e+48
6.978309999999999569e+00 1.608667504047281829e+48
8.058419999999999916e+00 1.178156355531845312e+48
9.305720000000000880e+00 8.602951335269439869e+47
1.074610000000000021e+01 6.193594630961390372e+47
1.240939999999999976e+01 4.562850994872542079e+47
1.433009999999999984e+01 3.352579961019031017e+47
1.654820000000000135e+01 2.455370040776002601e+47
1.910950000000000060e+01 1.767044309331245192e+47
2.206729999999999947e+01 1.302112124155296159e+47
2.548300000000000054e+01 9.561455095085630016e+46
2.942729999999999890e+01 6.995139499118912973e+46
3.398210000000000264e+01 5.019990961946103204e+46
3.924190000000000111e+01 3.697740605925607725e+46
4.531580000000000297e+01 2.716602698317141642e+46
5.232990000000000208e+01 1.989855426939641101e+46
6.042960000000000065e+01 1.429445241540540948e+46
6.978310000000000457e+01 1.055227619331177705e+46
8.058419999999999561e+01 7.770504930494439544e+45
9.305719999999999459e+01 5.704742792907813699e+45
1.074609999999999985e+02 4.103213589783137823e+45
1.240939999999999941e+02 3.032411100378071528e+45
1.433009999999999877e+02 2.234483081727163117e+45
1.654819999999999993e+02 1.640801409963565780e+45
1.910949999999999989e+02 1.179425511857386681e+45
2.206730000000000018e+02 8.712226911161702203e+44
2.548300000000000125e+02 6.415742011286719995e+44
2.942730000000000246e+02 4.707778492745370777e+44
3.398210000000000264e+02 3.380446852852699394e+44
3.924189999999999827e+02 2.495079418072986588e+44
4.531580000000000155e+02 1.835742835338387110e+44
5.232989999999999782e+02 1.345694193366547233e+44
6.042960000000000491e+02 9.649956203643467976e+43
6.978310000000000173e+02 7.114379847415835309e+43
8.058419999999999845e+02 5.227769348092700404e+43
9.305720000000000027e+02 3.826899974599276499e+43
1.074609999999999900e+03 2.739349154606896463e+43
1.240940000000000055e+03 2.016396543063701884e+43
1.433009999999999991e+03 1.479135625666564123e+43
1.654819999999999936e+03 1.080721117211264368e+43
1.910950000000000045e+03 7.717561317365724796e+42
2.206730000000000018e+03 5.668690171402675283e+42
2.548300000000000182e+03 4.148621115342081831e+42
2.942730000000000018e+03 3.023484597663411423e+42
3.398210000000000036e+03 2.152183457459687687e+42
3.924190000000000055e+03 1.576294536753971087e+42
4.531579999999999927e+03 1.149994297258149546e+42
5.232989999999999782e+03 8.352259230122512468e+41
6.042960000000000036e+03 5.919418549719675058e+41
6.978310000000000400e+03 4.318495549131271717e+41
8.058420000000000073e+03 3.137083280427195563e+41
9.305719999999999345e+03 2.267704593370786744e+41
1.074610000000000036e+04 1.597521531779193661e+41
1.240939999999999964e+04 1.159242642125611930e+41
1.433010000000000036e+04 8.372023857717828512e+40
1.654820000000000073e+04 6.013239106049478295e+40
1.910950000000000000e+04 4.201569339823525599e+40
2.206729999999999927e+04 3.026931714830977919e+40
2.548300000000000000e+04 2.168941323779044065e+40
2.942729999999999927e+04 1.544574752621549374e+40
3.398209999999999854e+04 1.067371459185721756e+40
3.924190000000000146e+04 7.616153803984454571e+39
4.531580000000000291e+04 5.400718161856204618e+39
5.232990000000000146e+04 3.802550697470694259e+39
6.042959999999999854e+04 2.589161341001234835e+39
6.978310000000000582e+04 1.824088274330476816e+39
8.058419999999999709e+04 1.275739782243105475e+39
9.305719999999999709e+04 8.848140897453378009e+38
1.074610000000000000e+05 5.906408364171326939e+38
1.240940000000000000e+05 4.091743437269853939e+38
1.433010000000000000e+05 2.810091526245062734e+38
1.654820000000000000e+05 1.910765317281426093e+38
1.910950000000000000e+05 1.242162476510574814e+38
2.206730000000000000e+05 8.417446115090129309e+37
2.548300000000000000e+05 5.644653968774374230e+37
2.942730000000000000e+05 3.740050882348526394e+37
3.398210000000000000e+05 2.346781178055221919e+37
3.924190000000000000e+05 1.545067090353570290e+37
4.531580000000000000e+05 1.004313650195032376e+37
5.232990000000000000e+05 6.432723613832562293e+36
6.042960000000000000e+05 3.848480147181386079e+36
6.978310000000000000e+05 2.439537540337835024e+36
8.058420000000000000e+05 1.522116211266958641e+36
9.305720000000000000e+05 9.324466778416971880e+35
1.074610000000000000e+06 5.226616414479148411e+35
1.240940000000000000e+06 3.151238672670845057e+35
1.433010000000000000e+06 1.862689233364804325e+35
1.654820000000000000e+06 1.075882758140316427e+35
1.910950000000000000e+06 5.509252170163323232e+34
2.206730000000000000e+06 3.107870977560519368e+34
2.548300000000000000e+06 1.710196307132713999e+34
2.942730000000000000e+06 9.140240498861304818e+33
3.398210000000000000e+06 4.120315093161723073e+33
3.924190000000000000e+06 2.127519212975889508e+33
4.531580000000000000e+06 1.065027045964003442e+33
5.232990000000000000e+06 5.139253260918045428e+32
6.042960000000000000e+06 1.929477665256235235e+32
6.978310000000000000e+06 8.849668871117057310e+31
8.058420000000000000e+06 3.907008328845163357e+31
9.305720000000000000e+06 1.648038034390736743e+31
1.074610000000000000e+07 4.718143918514827585e+30
1.240940000000000000e+07 1.839175404047979230e+30
1.433010000000000000e+07 6.849765192924475125e+29
1.654820000000000000e+07 2.421594999530514784e+29
1.910950000000000000e+07 4.540283655811183615e+28
2.206730000000000000e+07 1.397091474104494369e+28
2.548300000000000000e+07 4.068952886428963279e+27
2.942730000000000000e+07 1.134981246023593595e+27
3.398210000000000000e+07 1.092410322148335381e+26
3.924190000000000000e+07 2.305595944707186739e+25
4.531580000000000000e+07 4.398657491263290067e+24
5.232990000000000000e+07 8.073255630339355286e+23
6.042960000000000000e+07 2.381301688349063800e+22
6.978310000000000000e+07 1.779510198778872201e+21
8.058420000000000000e+07 3.903329976321617101e+19
9.305720000000000000e+07 0.000000000000000000e+00
