1.074610000000000047e-16 0.000000000000000000e+00
1.240940000000000054e-16 0.000000000000000000e+00
1.433009999999999988e-16 0.000000000000000000e+00
1.654819999999999889e-16 0.000000000000000000e+00
1.910950000000000020e-16 0.000000000000000000e+00
2.206729999999999967e-16 0.000000000000000000e+00
2.548299999999999914e-16 0.000000000000000000e+00
2.942729999999999995e-16 0.000000000000000000e+00
3.398209999999999854e-16 0.000000000000000000e+00
3.924190000000000071e-16 0.000000000000000000e+00
4.531580000000000165e-16 0.000000000000000000e+00
5.232990000000000256e-16 0.000000000000000000e+00
6.042960000000000084e-16 0.000000000000000000e+00
6.978310000000000580e-16 0.000000000000000000e+00
8.058419999999999311e-16 0.000000000000000000e+00
9.305720000000000863e-16 0.000000000000000000e+00
1.074609999999999923e-15 0.000000000000000000e+00
1.240940000000000005e-15 0.000000000000000000e+00
1.433009999999999988e-15 0.000000000000000000e+00
1.654819999999999938e-15 0.000000000000000000e+00
1.910950000000000020e-15 0.000000000000000000e+00
2.206729999999999868e-15 0.000000000000000000e+00
2.548299999999999618e-15 0.000000000000000000e+00
2.942730000000000389e-15 0.000000000000000000e+00
3.398210000000000052e-15 0.000000000000000000e+00
3.924189999999999578e-15 0.000000000000000000e+00
4.531580000000000165e-15 0.000000000000000000e+00
5.232989999999999861e-15 0.000000000000000000e+00
6.042959999999999886e-15 0.000000000000000000e+00
6.978309999999999594e-15 0.000000000000000000e+00
8.058419999999999705e-15 0.000000000000000000e+00
9.305719999999999285e-15 0.000000000000000000e+00
1.074610000000000002e-14 0.000000000000000000e+00
1.240940000000000005e-14 0.000000000000000000e+00
1.433010000000000146e-14 0.000000000000000000e+00
1.654819999999999859e-14 0.000000000000000000e+00
1.910950000000000178e-14 0.000000000000000000e+00
2.206730000000000105e-14 0.000000000000000000e+00
2.548299999999999855e-14 0.000000000000000000e+00
2.942730000000000074e-14 0.000000000000000000e+00
3.398209999999999815e-14 0.000000000000000000e+00
3.924190000000000367e-14 0.000000000000000000e+00
4.531579999999999534e-14 0.000000000000000000e+00
5.232990000000000177e-14 0.000000000000000000e+00
6.042959999999999729e-14 0.000000000000000000e+00
6.978310000000000383e-14 0.000000000000000000e+00
8.058419999999999705e-14 0.000000000000000000e+00
9.305719999999999601e-14 0.000000000000000000e+00
1.074610000000000128e-13 0.000000000000000000e+00
1.240939999999999910e-13 0.000000000000000000e+00
1.433010000000000020e-13 0.000000000000000000e+00
1.654820000000000112e-13 0.000000000000000000e+00
1.910950000000000051e-13 0.000000000000000000e+00
2.206729999999999979e-13 0.000000000000000000e+00
2.548299999999999855e-13 0.000000000000000000e+00
2.942729999999999821e-13 0.000000000000000000e+00
3.398210000000000320e-13 0.000000000000000000e+00
3.924190000000000367e-13 0.000000000000000000e+00
4.531580000000000165e-13 0.000000000000000000e+00
5.232989999999999293e-13 0.000000000000000000e+00
6.042960000000000738e-13 0.000000000000000000e+00
6.978310000000000383e-13 0.000000000000000000e+00
8.058419999999999705e-13 0.000000000000000000e+00
9.305719999999998843e-13 0.000000000000000000e+00
1.074610000000000002e-12 0.000000000000000000e+00
1.240939999999999961e-12 0.000000000000000000e+00
1.433009999999999970e-12 0.000000000000000000e+00
1.654820000000000011e-12 0.000000000000000000e+00
1.910950000000000051e-12 0.000000000000000000e+00
2.206730000000000231e-12 0.000000000000000000e+00
2.548299999999999956e-12 0.000000000000000000e+00
2.942730000000000326e-12 0.000000000000000000e+00
3.398209999999999916e-12 0.000000000000000000e+00
3.924190000000000468e-12 0.000000000000000000e+00
4.531580000000000367e-12 0.000000000000000000e+00
5.232989999999999899e-12 0.000000000000000000e+00
6.042960000000000334e-12 0.000000000000000000e+00
6.978309999999999979e-12 0.000000000000000000e+00
8.058419999999999907e-12 0.000000000000000000e+00
9.305719999999999247e-12 0.000000000000000000e+00
1.074609999999999921e-11 0.000000000000000000e+00
1.240940000000000001e-11 0.000000000000000000e+00
1.433010000000000010e-11 0.000000000000000000e+00
1.654819999999999849e-11 0.000000000000000000e+00
1.910950000000000132e-11 0.000000000000000000e+00
2.206729999999999989e-11 0.000000000000000000e+00
2.548299999999999875e-11 0.000000000000000000e+00
2.942730000000000084e-11 0.000000000000000000e+00
3.398209999999999916e-11 0.000000000000000000e+00
3.924190000000000306e-11 0.000000000000000000e+00
4.531580000000000367e-11 0.000000000000000000e+00
5.232989999999999576e-11 0.000000000000000000e+00
6.042959999999999365e-11 0.000000000000000000e+00
6.978309999999999656e-11 0.000000000000000000e+00
8.058419999999998938e-11 0.000000000000000000e+00
9.305720000000001186e-11 0.000000000000000000e+00
1.074610000000000051e-10 0.000000000000000000e+00
1.240939999999999904e-10 0.000000000000000000e+00
1.433010000000000204e-10 0.000000000000000000e+00
1.654819999999999979e-10 0.000000000000000000e+00
1.910949999999999744e-10 0.000000000000000000e+00
2.206729999999999989e-10 0.000000000000000000e+00
2.548299999999999875e-10 0.000000000000000000e+00
2.942729999999999825e-10 0.000000000000000000e+00
3.398209999999999787e-10 0.000000000000000000e+00
3.924190000000000177e-10 0.000000000000000000e+00
4.531579999999999979e-10 0.000000000000000000e+00
5.232989999999999318e-10 0.000000000000000000e+00
6.042960000000000399e-10 0.000000000000000000e+00
6.978309999999999656e-10 0.000000000000000000e+00
8.058419999999999972e-10 0.000000000000000000e+00
9.305719999999999377e-10 0.000000000000000000e+00
1.074610000000000077e-09 0.000000000000000000e+00
1.240939999999999853e-09 0.000000000000000000e+00
1.433009999999999997e-09 0.000000000000000000e+00
1.654819999999999875e-09 0.000000000000000000e+00
1.910949999999999900e-09 0.000000000000000000e+00
2.206729999999999885e-09 0.000000000000000000e+00
2.548299999999999979e-09 0.000000000000000000e+00
2.942730000000000239e-09 0.000000000000000000e+00
3.398209999999999994e-09 0.000000000000000000e+00
3.924189999999999453e-09 0.000000000000000000e+00
4.531579999999999772e-09 0.000000000000000000e+00
5.232989999999999731e-09 0.000000000000000000e+00
6.042959999999999572e-09 0.000000000000000000e+00
6.978309999999999242e-09 0.000000000000000000e+00
8.058419999999999972e-09 0.000000000000000000e+00
9.305720000000000824e-09 0.000000000000000000e+00
1.074609999999999952e-08 0.000000000000000000e+00
1.240939999999999894e-08 0.000000000000000000e+00
1.433010000000000038e-08 0.000000000000000000e+00
1.654820000000000123e-08 0.000000000000000000e+00
1.910949999999999982e-08 0.000000000000000000e+00
2.206729999999999803e-08 0.000000000000000000e+00
2.548300000000000061e-08 0.000000000000000000e+00
2.942729999999999908e-08 0.000000000000000000e+00
3.398210000000000490e-08 0.000000000000000000e+00
3.924190000000000280e-08 0.000000000000000000e+00
4.531580000000000268e-08 0.000000000000000000e+00
5.232990000000000062e-08 0.000000000000000000e+00
6.042959999999999737e-08 0.000000000000000000e+00
6.978310000000000235e-08 0.000000000000000000e+00
8.058419999999999972e-08 0.000000000000000000e+00
9.305719999999999501e-08 0.000000000000000000e+00
1.074609999999999986e-07 0.000000000000000000e+00
1.240939999999999993e-07 0.000000000000000000e+00
1.433009999999999939e-07 0.000000000000000000e+00
1.654819999999999991e-07 0.000000000000000000e+00
1.910950000000000048e-07 0.000000000000000000e+00
2.206730000000000067e-07 0.000000000000000000e+00
2.548300000000000127e-07 0.000000000000000000e+00
2.942730000000000305e-07 0.000000000000000000e+00
3.398210000000000093e-07 0.000000000000000000e+00
3.924189999999999883e-07 0.000000000000000000e+00
4.531580000000000136e-07 0.000000000000000000e+00
5.232990000000000062e-07 0.000000000000000000e+00
6.042960000000000796e-07 0.000000000000000000e+00
6.978310000000000235e-07 0.000000000000000000e+00
8.058419999999999707e-07 0.000000000000000000e+00
9.305720000000000030e-07 0.000000000000000000e+00
1.074609999999999906e-06 0.000000000000000000e+00
1.240940000000000099e-06 0.000000000000000000e+00
1.433009999999999939e-06 0.000000000000000000e+00
1.654819999999999938e-06 0.000000000000000000e+00
1.910949999999999890e-06 0.000000000000000000e+00
2.206729999999999961e-06 0.000000000000000000e+00
2.548300000000000233e-06 0.000000000000000000e+00
2.942730000000000199e-06 0.000000000000000000e+00
3.398210000000000199e-06 0.000000000000000000e+00
3.924189999999999777e-06 0.000000000000000000e+00
4.531580000000000242e-06 0.000000000000000000e+00
5.232989999999999850e-06 0.000000000000000000e+00
6.042960000000000161e-06 0.000000000000000000e+00
6.978310000000000447e-06 0.000000000000000000e+00
8.058420000000000342e-06 0.000000000000000000e+00
9.305719999999999395e-06 0.000000000000000000e+00
1.074610000000000033e-05 0.000000000000000000e+00
1.240940000000000015e-05 0.000000000000000000e+00
1.433010000000000024e-05 0.000000000000000000e+00
1.654820000000000192e-05 0.000000000000000000e+00
1.910950000000000059e-05 0.000000000000000000e+00
2.206729999999999792e-05 0.000000000000000000e+00
2.548299999999999979e-05 0.000000000000000000e+00
2.942729999999999860e-05 0.000000000000000000e+00
3.398210000000000114e-05 0.000000000000000000e+00
3.924190000000000116e-05 0.000000000000000000e+00
4.531580000000000411e-05 0.000000000000000000e+00
5.232990000000000189e-05 0.000000000000000000e+00
6.042960000000000161e-05 0.000000000000000000e+00
6.978309999999999938e-05 0.000000000000000000e+00
8.058420000000000004e-05 0.000000000000000000e+00
9.305720000000000072e-05 0.000000000000000000e+00
1.074610000000000067e-04 0.000000000000000000e+00
1.240939999999999947e-04 0.000000000000000000e+00
1.433010000000000024e-04 0.000000000000000000e+00
1.654819999999999989e-04 0.000000000000000000e+00
1.910950000000000127e-04 0.000000000000000000e+00
2.206730000000000063e-04 0.000000000000000000e+00
2.548299999999999979e-04 0.000000000000000000e+00
2.942730000000000064e-04 0.000000000000000000e+00
3.398210000000000250e-04 0.000000000000000000e+00
3.924190000000000252e-04 0.000000000000000000e+00
4.531580000000000005e-04 0.000000000000000000e+00
5.232989999999999647e-04 9.235877948794925992e+51
6.042960000000000432e-04 9.276620237224726825e+51
6.978309999999999938e-04 9.317360151606342963e+51
8.058419999999999733e-04 9.358110518060847228e+51
9.305719999999999530e-04 9.398857792624395981e+51
1.074609999999999932e-03 9.446034127426617693e+51
1.240940000000000055e-03 9.460201836942836396e+51
1.433009999999999970e-03 9.478134530506964157e+51
1.654819999999999989e-03 9.500973719707879601e+51
1.910950000000000018e-03 9.532134630653752520e+51
2.206730000000000063e-03 9.572061510001219876e+51
2.548299999999999871e-03 9.623787960796522814e+51
2.942730000000000172e-03 9.690789560335266171e+51
3.398210000000000033e-03 9.782666275772146237e+51
3.924190000000000143e-03 9.900597731405564849e+51
4.531580000000000330e-03 1.005113068534026997e+52
5.232989999999999864e-03 1.024022404337143571e+52
6.042959999999999998e-03 1.048943888713899242e+52
6.978309999999999721e-03 1.078331909513700330e+52
8.058420000000000166e-03 1.113075671283758775e+52
9.305719999999999964e-03 1.152320031669942662e+52
1.074609999999999975e-02 1.200154005220485995e+52
1.240939999999999925e-02 1.246693115665879062e+52
1.433010000000000013e-02 1.292120019549367336e+52
1.654819999999999902e-02 1.334296564632252042e+52
1.910950000000000149e-02 1.370656797265621779e+52
2.206730000000000150e-02 1.401786726690960519e+52
2.548299999999999871e-02 1.423422071237505576e+52
2.942729999999999999e-02 1.423569534743350206e+52
3.398210000000000119e-02 1.398412966596613947e+52
3.924190000000000317e-02 1.347255410468197077e+52
4.531580000000000330e-02 1.279027881472706920e+52
5.232989999999999864e-02 1.200076709505196718e+52
6.042959999999999998e-02 1.102642471168738839e+52
6.978310000000000068e-02 9.890777560072164782e+51
8.058419999999999472e-02 8.612457535335344503e+51
9.305720000000000658e-02 7.236476444242249712e+51
1.074610000000000010e-01 5.835742680333056769e+51
1.240939999999999960e-01 4.638412492003578995e+51
1.433010000000000117e-01 3.625798374884865362e+51
1.654819999999999902e-01 2.793392499824831444e+51
1.910949999999999871e-01 2.101232842113281410e+51
2.206730000000000080e-01 1.592361668092837416e+51
2.548300000000000010e-01 1.196000237721328657e+51
2.942730000000000068e-01 8.906667007655361323e+50
3.398209999999999842e-01 6.540396311060400676e+50
3.924190000000000178e-01 4.879789475144255694e+50
4.531580000000000052e-01 3.630744338901261727e+50
5.232989999999999586e-01 2.695052954276505330e+50
6.042960000000000553e-01 1.985749236602836422e+50
6.978309999999999791e-01 1.489933884730300544e+50
8.058419999999999472e-01 1.117120974697971001e+50
9.305719999999999548e-01 8.363840957316678447e+49
1.074610000000000065e+00 6.195570562171428053e+49
1.240939999999999932e+00 4.677576531854173540e+49
1.433009999999999895e+00 3.524235130766832193e+49
1.654819999999999958e+00 2.648839450371786418e+49
1.910949999999999926e+00 1.966210529056969057e+49
2.206729999999999858e+00 1.487936776228127970e+49
2.548299999999999788e+00 1.123176610619240804e+49
2.942730000000000068e+00 8.454450658059468900e+48
3.398210000000000175e+00 6.284008111053734288e+48
3.924189999999999845e+00 4.755804353188580100e+48
4.531579999999999941e+00 3.587885212152392787e+48
5.232990000000000030e+00 2.697429511617075248e+48
6.042959999999999887e+00 2.003800476174172428e+48
6.978309999999999569e+00 1.514901737979421596e+48
8.058419999999999916e+00 1.142530339723896053e+48
9.305720000000000880e+00 8.595624888557526558e+47
1.074610000000000021e+01 6.397350854860419807e+47
1.240939999999999976e+01 4.847184741009626468e+47
1.433009999999999984e+01 3.664043508133349021e+47
1.654820000000000135e+01 2.761988968840814328e+47
1.910950000000000060e+01 2.054559372678621111e+47
2.206729999999999947e+01 1.556911715985113967e+47
2.548300000000000054e+01 1.176441270566413721e+47
2.942729999999999890e+01 8.862983109030835419e+46
3.398210000000000264e+01 6.581791910849846827e+46
3.924190000000000111e+01 4.987548880946325027e+46
4.531580000000000297e+01 3.770898875772048599e+46
5.232990000000000208e+01 2.843762778118838649e+46
6.042960000000000065e+01 2.113448692389817808e+46
6.978310000000000457e+01 1.603902289335691010e+46
8.058419999999999561e+01 1.214451628216150797e+46
9.305719999999999459e+01 9.170917907270037518e+45
1.074609999999999985e+02 6.819134558735924123e+45
1.240939999999999941e+02 5.177243806851873334e+45
1.433009999999999877e+02 3.920379091882663318e+45
1.654819999999999993e+02 2.959644950893540004e+45
1.910949999999999989e+02 2.198677222872247202e+45
2.206730000000000018e+02 1.668013173206161290e+45
2.548300000000000125e+02 1.261938696766247752e+45
2.942730000000000246e+02 9.517355793328805556e+44
3.398210000000000264e+02 7.060863125284488864e+44
3.924189999999999827e+02 5.350639015353142309e+44
4.531580000000000155e+02 4.043007521053676894e+44
5.232989999999999782e+02 3.045003712180131324e+44
6.042960000000000491e+02 2.255159026404667762e+44
6.978310000000000173e+02 1.706285120042276815e+44
8.058419999999999845e+02 1.287110297863097089e+44
9.305720000000000027e+02 9.676034253072281973e+43
1.074609999999999900e+03 7.149678809201537901e+43
1.240940000000000055e+03 5.398337134182554157e+43
1.433009999999999991e+03 4.062996137496522455e+43
1.654819999999999936e+03 3.046893926299119913e+43
1.910950000000000045e+03 2.244573727396989653e+43
2.206730000000000018e+03 1.690103367860560790e+43
2.548300000000000182e+03 1.268246382825612953e+43
2.942730000000000018e+03 9.480012542385312351e+42
3.398210000000000036e+03 6.955805791683468384e+42
3.924190000000000055e+03 5.218617898628496778e+42
4.531579999999999927e+03 3.900667315143654243e+42
5.232989999999999782e+03 2.903260782768638828e+42
6.042960000000000036e+03 2.118968259753327553e+42
6.978310000000000400e+03 1.582162575609430021e+42
8.058420000000000073e+03 1.176461553851000998e+42
9.305719999999999345e+03 8.707063039608209642e+41
1.074610000000000036e+04 6.310339189779829837e+41
1.240939999999999964e+04 4.682112142144596601e+41
1.433010000000000036e+04 3.457866236705587334e+41
1.654820000000000073e+04 2.540290007127004814e+41
1.910950000000000000e+04 1.824085340150907219e+41
2.206729999999999927e+04 1.342343521237805999e+41
2.548300000000000000e+04 9.825962049682415736e+40
2.942729999999999927e+04 7.149557920629456686e+40
3.398209999999999854e+04 5.071988282384296156e+40
3.924190000000000146e+04 3.692995097423432729e+40
4.531580000000000291e+04 2.672431697299456666e+40
5.232990000000000146e+04 1.920499841024195376e+40
6.042959999999999854e+04 1.341035070576887135e+40
6.978310000000000582e+04 9.630911036975299250e+39
8.058419999999999709e+04 6.866788596269467289e+39
9.305719999999999709e+04 4.856065348038146440e+39
1.074610000000000000e+05 3.321237711593734901e+39
1.240940000000000000e+05 2.343214830947839721e+39
1.433010000000000000e+05 1.639018591924936653e+39
1.654820000000000000e+05 1.135283212701706299e+39
1.910950000000000000e+05 7.556091549233521275e+38
2.206730000000000000e+05 5.210175350762195560e+38
2.548300000000000000e+05 3.555454447868603355e+38
2.942730000000000000e+05 2.397713576289679963e+38
3.398210000000000000e+05 1.539503170921767110e+38
3.924190000000000000e+05 1.030547255003057306e+38
4.531580000000000000e+05 6.811341611164659359e+37
5.232990000000000000e+05 4.436885622645229267e+37
6.042960000000000000e+05 2.715319507175947111e+37
6.978310000000000000e+05 1.748807945923394343e+37
8.058420000000000000e+05 1.108693258061159371e+37
9.305720000000000000e+05 6.902288448464682575e+36
1.074610000000000000e+06 3.957476525348871557e+36
1.240940000000000000e+06 2.422742936124467718e+36
1.433010000000000000e+06 1.454157939406659400e+36
1.654820000000000000e+06 8.530083841509190476e+35
1.910950000000000000e+06 4.469315372290053270e+35
2.206730000000000000e+06 2.558618155455792557e+35
2.548300000000000000e+06 1.428824779367246309e+35
2.942730000000000000e+06 7.750705590772236591e+34
3.398210000000000000e+06 3.577682610492784301e+34
3.924190000000000000e+06 1.873927535293086115e+34
4.531580000000000000e+06 9.515043841384665456e+33
5.232990000000000000e+06 4.657452826129141440e+33
6.042960000000000000e+06 1.792989462245626885e+33
6.978310000000000000e+06 8.339963166244276951e+32
8.058420000000000000e+06 3.733212609753598589e+32
9.305720000000000000e+06 1.596390148172533538e+32
1.074610000000000000e+07 4.697721181746634249e+31
1.240940000000000000e+07 1.857442701330847915e+31
1.433010000000000000e+07 7.013639690506771796e+30
1.654820000000000000e+07 2.511553763007929590e+30
1.910950000000000000e+07 4.857409224506861428e+29
2.206730000000000000e+07 1.517456211828554550e+29
2.548300000000000000e+07 4.485480709585654308e+28
2.942730000000000000e+07 1.267301566811464725e+28
3.398210000000000000e+07 1.258371215814011767e+27
3.924190000000000000e+07 2.698318800959641068e+26
4.531580000000000000e+07 5.231157898372149950e+25
5.232990000000000000e+07 9.731596810465843213e+24
6.042960000000000000e+07 2.923715431673823001e+23
6.978310000000000000e+07 2.205335087765916326e+22
8.058420000000000000e+07 4.854514541121487503e+20
9.305720000000000000e+07 0.000000000000000000e+00
