1.074610000000000047e-16 0.000000000000000000e+00
1.240940000000000054e-16 0.000000000000000000e+00
1.433009999999999988e-16 0.000000000000000000e+00
1.654819999999999889e-16 0.000000000000000000e+00
1.910950000000000020e-16 0.000000000000000000e+00
2.206729999999999967e-16 0.000000000000000000e+00
2.548299999999999914e-16 0.000000000000000000e+00
2.942729999999999995e-16 0.000000000000000000e+00
3.398209999999999854e-16 0.000000000000000000e+00
3.924190000000000071e-16 0.000000000000000000e+00
4.531580000000000165e-16 0.000000000000000000e+00
5.232990000000000256e-16 0.000000000000000000e+00
6.042960000000000084e-16 0.000000000000000000e+00
6.978310000000000580e-16 0.000000000000000000e+00
8.058419999999999311e-16 0.000000000000000000e+00
9.305720000000000863e-16 0.000000000000000000e+00
1.074609999999999923e-15 0.000000000000000000e+00
1.240940000000000005e-15 0.000000000000000000e+00
1.433009999999999988e-15 0.000000000000000000e+00
1.654819999999999938e-15 0.000000000000000000e+00
1.910950000000000020e-15 0.000000000000000000e+00
2.206729999999999868e-15 0.000000000000000000e+00
2.548299999999999618e-15 0.000000000000000000e+00
2.942730000000000389e-15 0.000000000000000000e+00
3.398210000000000052e-15 0.000000000000000000e+00
3.924189999999999578e-15 0.000000000000000000e+00
4.531580000000000165e-15 0.000000000000000000e+00
5.232989999999999861e-15 0.000000000000000000e+00
6.042959999999999886e-15 0.000000000000000000e+00
6.978309999999999594e-15 0.000000000000000000e+00
8.058419999999999705e-15 0.000000000000000000e+00
9.305719999999999285e-15 0.000000000000000000e+00
1.074610000000000002e-14 0.000000000000000000e+00
1.240940000000000005e-14 0.000000000000000000e+00
1.433010000000000146e-14 0.000000000000000000e+00
1.654819999999999859e-14 0.000000000000000000e+00
1.910950000000000178e-14 0.000000000000000000e+00
2.206730000000000105e-14 0.000000000000000000e+00
2.548299999999999855e-14 0.000000000000000000e+00
2.942730000000000074e-14 0.000000000000000000e+00
3.398209999999999815e-14 0.000000000000000000e+00
3.924190000000000367e-14 0.000000000000000000e+00
4.531579999999999534e-14 0.000000000000000000e+00
5.232990000000000177e-14 0.000000000000000000e+00
6.042959999999999729e-14 0.000000000000000000e+00
6.978310000000000383e-14 0.000000000000000000e+00
8.058419999999999705e-14 0.000000000000000000e+00
9.305719999999999601e-14 0.000000000000000000e+00
1.074610000000000128e-13 0.000000000000000000e+00
1.240939999999999910e-13 0.000000000000000000e+00
1.433010000000000020e-13 0.000000000000000000e+00
1.654820000000000112e-13 0.000000000000000000e+00
1.910950000000000051e-13 0.000000000000000000e+00
2.206729999999999979e-13 0.000000000000000000e+00
2.548299999999999855e-13 0.000000000000000000e+00
2.942729999999999821e-13 0.000000000000000000e+00
3.398210000000000320e-13 0.000000000000000000e+00
3.924190000000000367e-13 0.000000000000000000e+00
4.531580000000000165e-13 0.000000000000000000e+00
5.232989999999999293e-13 0.000000000000000000e+00
6.042960000000000738e-13 0.000000000000000000e+00
6.978310000000000383e-13 0.000000000000000000e+00
8.058419999999999705e-13 0.000000000000000000e+00
9.305719999999998843e-13 0.000000000000000000e+00
1.074610000000000002e-12 0.000000000000000000e+00
1.240939999999999961e-12 0.000000000000000000e+00
1.433009999999999970e-12 0.000000000000000000e+00
1.654820000000000011e-12 0.000000000000000000e+00
1.910950000000000051e-12 0.000000000000000000e+00
2.206730000000000231e-12 0.000000000000000000e+00
2.548299999999999956e-12 0.000000000000000000e+00
2.942730000000000326e-12 0.000000000000000000e+00
3.398209999999999916e-12 0.000000000000000000e+00
3.924190000000000468e-12 0.000000000000000000e+00
4.531580000000000367e-12 0.000000000000000000e+00
5.232989999999999899e-12 0.000000000000000000e+00
6.042960000000000334e-12 0.000000000000000000e+00
6.978309999999999979e-12 0.000000000000000000e+00
8.058419999999999907e-12 0.000000000000000000e+00
9.305719999999999247e-12 0.000000000000000000e+00
1.074609999999999921e-11 0.000000000000000000e+00
1.240940000000000001e-11 0.000000000000000000e+00
1.433010000000000010e-11 0.000000000000000000e+00
1.654819999999999849e-11 0.000000000000000000e+00
1.910950000000000132e-11 0.000000000000000000e+00
2.206729999999999989e-11 0.000000000000000000e+00
2.548299999999999875e-11 0.000000000000000000e+00
2.942730000000000084e-11 0.000000000000000000e+00
3.398209999999999916e-11 0.000000000000000000e+00
3.924190000000000306e-11 0.000000000000000000e+00
4.531580000000000367e-11 0.000000000000000000e+00
5.232989999999999576e-11 0.000000000000000000e+00
6.042959999999999365e-11 0.000000000000000000e+00
6.978309999999999656e-11 0.000000000000000000e+00
8.058419999999998938e-11 0.000000000000000000e+00
9.305720000000001186e-11 0.000000000000000000e+00
1.074610000000000051e-10 0.000000000000000000e+00
1.240939999999999904e-10 0.000000000000000000e+00
1.433010000000000204e-10 0.000000000000000000e+00
1.654819999999999979e-10 0.000000000000000000e+00
1.910949999999999744e-10 0.000000000000000000e+00
2.206729999999999989e-10 0.000000000000000000e+00
2.548299999999999875e-10 0.000000000000000000e+00
2.942729999999999825e-10 0.000000000000000000e+00
3.398209999999999787e-10 0.000000000000000000e+00
3.924190000000000177e-10 0.000000000000000000e+00
4.531579999999999979e-10 0.000000000000000000e+00
5.232989999999999318e-10 0.000000000000000000e+00
6.042960000000000399e-10 0.000000000000000000e+00
6.978309999999999656e-10 0.000000000000000000e+00
8.058419999999999972e-10 0.000000000000000000e+00
9.305719999999999377e-10 0.000000000000000000e+00
1.074610000000000077e-09 0.000000000000000000e+00
1.240939999999999853e-09 0.000000000000000000e+00
1.433009999999999997e-09 0.000000000000000000e+00
1.654819999999999875e-09 0.000000000000000000e+00
1.910949999999999900e-09 0.000000000000000000e+00
2.206729999999999885e-09 0.000000000000000000e+00
2.548299999999999979e-09 0.000000000000000000e+00
2.942730000000000239e-09 0.000000000000000000e+00
3.398209999999999994e-09 0.000000000000000000e+00
3.924189999999999453e-09 0.000000000000000000e+00
4.531579999999999772e-09 0.000000000000000000e+00
5.232989999999999731e-09 0.000000000000000000e+00
6.042959999999999572e-09 0.000000000000000000e+00
6.978309999999999242e-09 0.000000000000000000e+00
8.058419999999999972e-09 0.000000000000000000e+00
9.305720000000000824e-09 0.000000000000000000e+00
1.074609999999999952e-08 0.000000000000000000e+00
1.240939999999999894e-08 0.000000000000000000e+00
1.433010000000000038e-08 0.000000000000000000e+00
1.654820000000000123e-08 0.000000000000000000e+00
1.910949999999999982e-08 0.000000000000000000e+00
2.206729999999999803e-08 0.000000000000000000e+00
2.548300000000000061e-08 0.000000000000000000e+00
2.942729999999999908e-08 0.000000000000000000e+00
3.398210000000000490e-08 0.000000000000000000e+00
3.924190000000000280e-08 0.000000000000000000e+00
4.531580000000000268e-08 0.000000000000000000e+00
5.232990000000000062e-08 0.000000000000000000e+00
6.042959999999999737e-08 0.000000000000000000e+00
6.978310000000000235e-08 0.000000000000000000e+00
8.058419999999999972e-08 0.000000000000000000e+00
9.305719999999999501e-08 0.000000000000000000e+00
1.074609999999999986e-07 0.000000000000000000e+00
1.240939999999999993e-07 0.000000000000000000e+00
1.433009999999999939e-07 0.000000000000000000e+00
1.654819999999999991e-07 0.000000000000000000e+00
1.910950000000000048e-07 0.000000000000000000e+00
2.206730000000000067e-07 0.000000000000000000e+00
2.548300000000000127e-07 0.000000000000000000e+00
2.942730000000000305e-07 0.000000000000000000e+00
3.398210000000000093e-07 0.000000000000000000e+00
3.924189999999999883e-07 0.000000000000000000e+00
4.531580000000000136e-07 0.000000000000000000e+00
5.232990000000000062e-07 0.000000000000000000e+00
6.042960000000000796e-07 0.000000000000000000e+00
6.978310000000000235e-07 0.000000000000000000e+00
8.058419999999999707e-07 0.000000000000000000e+00
9.305720000000000030e-07 0.000000000000000000e+00
1.074609999999999906e-06 0.000000000000000000e+00
1.240940000000000099e-06 0.000000000000000000e+00
1.433009999999999939e-06 0.000000000000000000e+00
1.654819999999999938e-06 0.000000000000000000e+00
1.910949999999999890e-06 0.000000000000000000e+00
2.206729999999999961e-06 0.000000000000000000e+00
2.548300000000000233e-06 0.000000000000000000e+00
2.942730000000000199e-06 0.000000000000000000e+00
3.398210000000000199e-06 0.000000000000000000e+00
3.924189999999999777e-06 0.000000000000000000e+00
4.531580000000000242e-06 0.000000000000000000e+00
5.232989999999999850e-06 0.000000000000000000e+00
6.042960000000000161e-06 0.000000000000000000e+00
6.978310000000000447e-06 0.000000000000000000e+00
8.058420000000000342e-06 0.000000000000000000e+00
9.305719999999999395e-06 0.000000000000000000e+00
1.074610000000000033e-05 0.000000000000000000e+00
1.240940000000000015e-05 0.000000000000000000e+00
1.433010000000000024e-05 0.000000000000000000e+00
1.654820000000000192e-05 0.000000000000000000e+00
1.910950000000000059e-05 0.000000000000000000e+00
2.206729999999999792e-05 0.000000000000000000e+00
2.548299999999999979e-05 0.000000000000000000e+00
2.942729999999999860e-05 0.000000000000000000e+00
3.398210000000000114e-05 0.000000000000000000e+00
3.924190000000000116e-05 0.000000000000000000e+00
4.531580000000000411e-05 0.000000000000000000e+00
5.232990000000000189e-05 0.000000000000000000e+00
6.042960000000000161e-05 0.000000000000000000e+00
6.978309999999999938e-05 0.000000000000000000e+00
8.058420000000000004e-05 0.000000000000000000e+00
9.305720000000000072e-05 0.000000000000000000e+00
1.074610000000000067e-04 0.000000000000000000e+00
1.240939999999999947e-04 0.000000000000000000e+00
1.433010000000000024e-04 0.000000000000000000e+00
1.654819999999999989e-04 0.000000000000000000e+00
1.910950000000000127e-04 0.000000000000000000e+00
2.206730000000000063e-04 0.000000000000000000e+00
2.548299999999999979e-04 0.000000000000000000e+00
2.942730000000000064e-04 0.000000000000000000e+00
3.398210000000000250e-04 0.000000000000000000e+00
3.924190000000000252e-04 0.000000000000000000e+00
4.531580000000000005e-04 0.000000000000000000e+00
5.232989999999999647e-04 1.809878143260624402e+53
6.042960000000000432e-04 1.817397183779232115e+53
6.978309999999999938e-04 1.824917422875426369e+53
8.058419999999999733e-04 1.832437331545985672e+53
9.305719999999999530e-04 1.839956877007498118e+53
1.074609999999999932e-03 1.849346303921256097e+53
1.240940000000000055e-03 1.851403256141153703e+53
1.433009999999999970e-03 1.854003281039317213e+53
1.654819999999999989e-03 1.857324325984489129e+53
1.910950000000000018e-03 1.861906549456761109e+53
2.206730000000000063e-03 1.867794923760626809e+53
2.548299999999999871e-03 1.875494994920875965e+53
2.942730000000000172e-03 1.885589023337957304e+53
3.398210000000000033e-03 1.899767643750747759e+53
3.924190000000000143e-03 1.918282121670227147e+53
4.531580000000000330e-03 1.942397696997462930e+53
5.232989999999999864e-03 1.973444432852388270e+53
6.042959999999999998e-03 2.016304832328450770e+53
6.978309999999999721e-03 2.068090072245836714e+53
8.058420000000000166e-03 2.131512823257043415e+53
9.305719999999999964e-03 2.204312067688720259e+53
1.074609999999999975e-02 2.306231234050530201e+53
1.240939999999999925e-02 2.401662561265436859e+53
1.433010000000000013e-02 2.496047285987190408e+53
1.654819999999999902e-02 2.585504108856372019e+53
1.910950000000000149e-02 2.665188637874752590e+53
2.206730000000000150e-02 2.732395040639472824e+53
2.548299999999999871e-02 2.778558673781440474e+53
2.942729999999999999e-02 2.778887799142489521e+53
3.398210000000000119e-02 2.725352693545014083e+53
3.924190000000000317e-02 2.616917446452072249e+53
4.531580000000000330e-02 2.473256568060832466e+53
5.232989999999999864e-02 2.306864083165836128e+53
6.042959999999999998e-02 2.100572356552473086e+53
6.978310000000000068e-02 1.864457971692851183e+53
8.058419999999999472e-02 1.600907438371535186e+53
9.305720000000000658e-02 1.319925436932156715e+53
1.074610000000000010e-01 1.031327017430123698e+53
1.240939999999999960e-01 7.976652792833653818e+52
1.433010000000000117e-01 6.052596338679505895e+52
1.654819999999999902e-01 4.518050692111023529e+52
1.910949999999999871e-01 3.256741176650004135e+52
2.206730000000000080e-01 2.394099345311326212e+52
2.548300000000000010e-01 1.745213458176472169e+52
2.942730000000000068e-01 1.261147377297760313e+52
3.398209999999999842e-01 8.942129476640579354e+51
3.924190000000000178e-01 6.487367561886990573e+51
4.531580000000000052e-01 4.690558289478758724e+51
5.232989999999999586e-01 3.380420261691789095e+51
6.042960000000000553e-01 2.410559280994976866e+51
6.978309999999999791e-01 1.757507944953052597e+51
8.058419999999999472e-01 1.279533119826691859e+51
9.305719999999999548e-01 9.294162051442760490e+50
1.074610000000000065e+00 6.652507189310801382e+50
1.240939999999999932e+00 4.875438352380458274e+50
1.433009999999999895e+00 3.563025864299131661e+50
1.654819999999999958e+00 2.595593346269174366e+50
1.910949999999999926e+00 1.858413836284084035e+50
2.206729999999999858e+00 1.364361917587724338e+50
2.548299999999999788e+00 9.986515111000010134e+49
2.942730000000000068e+00 7.284531739361477074e+49
3.398210000000000175e+00 5.221600659318782062e+49
3.924189999999999845e+00 3.833649311703174567e+49
4.531579999999999941e+00 2.803766372865580274e+49
5.232990000000000030e+00 2.041508300728839123e+49
6.042959999999999887e+00 1.461763522232207557e+49
6.978309999999999569e+00 1.071087848349341560e+49
8.058419999999999916e+00 7.824416486221352093e+48
9.305720000000000880e+00 5.698112550888350369e+48
1.074610000000000021e+01 4.089639139716736550e+48
1.240939999999999976e+01 3.004754079877827187e+48
1.433009999999999984e+01 2.201586900310915979e+48
1.654820000000000135e+01 1.607696866003165875e+48
1.910950000000000060e+01 1.153006248216128788e+48
2.206729999999999947e+01 8.470875596809784978e+47
2.548300000000000054e+01 6.200587552630043836e+47
2.942729999999999890e+01 4.521287274440399422e+47
3.398210000000000264e+01 3.231700424285845696e+47
3.924190000000000111e+01 2.372383741159319926e+47
4.531580000000000297e+01 1.736738384986094341e+47
5.232990000000000208e+01 1.267421632728474859e+47
6.042960000000000065e+01 9.064192324867703375e+46
6.978310000000000457e+01 6.666217672382734694e+46
8.058419999999999561e+01 4.889782967271902818e+46
9.305719999999999459e+01 3.575240461771372547e+46
1.074609999999999985e+02 2.558750649827161988e+46
1.240939999999999941e+02 1.883043833814773572e+46
1.433009999999999877e+02 1.381413118217259090e+46
1.654819999999999993e+02 1.009633525659827662e+46
1.910949999999999989e+02 7.215198812354545424e+45
2.206730000000000018e+02 5.303260615793298562e+45
2.548300000000000125e+02 3.884767776449289828e+45
2.942730000000000246e+02 2.834543480897497611e+45
3.398210000000000264e+02 2.021050683450426777e+45
3.924189999999999827e+02 1.482671421132722203e+45
4.531580000000000155e+02 1.083804690414867078e+45
5.232989999999999782e+02 7.889584432524737933e+44
6.042960000000000491e+02 5.608142645202098263e+44
6.978310000000000173e+02 4.103177956042765368e+44
8.058419999999999845e+02 2.990499638512052420e+44
9.305720000000000027e+02 2.169862949138156741e+44
1.074609999999999900e+03 1.535921021433592090e+44
1.240940000000000055e+03 1.119573176065749812e+44
1.433009999999999991e+03 8.126477461293986629e+43
1.654819999999999936e+03 5.869927375637691678e+43
1.910950000000000045e+03 4.131074301093558753e+43
2.206730000000000018e+03 2.995840840951941938e+43
2.548300000000000182e+03 2.162377265686892341e+43
2.942730000000000018e+03 1.552361661004628235e+43
3.398210000000000036e+03 1.083886181211200274e+43
3.924190000000000055e+03 7.805739816699660154e+42
4.531579999999999927e+03 5.591473605499403752e+42
5.232989999999999782e+03 3.980875675482369218e+42
6.042960000000000036e+03 2.749820848535389040e+42
6.978310000000000400e+03 1.961859704732143283e+42
8.058420000000000073e+03 1.391112805357900308e+42
9.305719999999999345e+03 9.794825912560641641e+41
1.074610000000000036e+04 6.668726003995599311e+41
1.240939999999999964e+04 4.699082499428150005e+41
1.433010000000000036e+04 3.287502642842634587e+41
1.654820000000000073e+04 2.281066781144481154e+41
1.910950000000000000e+04 1.523422918239077496e+41
2.206729999999999927e+04 1.056107493885336239e+41
2.548300000000000000e+04 7.259533520093142919e+40
2.942729999999999927e+04 4.941718877845564276e+40
3.398209999999999854e+04 3.217114567125763595e+40
3.924190000000000146e+04 2.183471363477715927e+40
4.531580000000000291e+04 1.466963831392751506e+40
5.232990000000000146e+04 9.741536806183263820e+39
6.042959999999999854e+04 6.131406734463793731e+39
6.978310000000000582e+04 4.048855710555968931e+39
8.058419999999999709e+04 2.641124550000651830e+39
9.305719999999999709e+04 1.698697628144411768e+39
1.074610000000000000e+05 1.022422214933455905e+39
1.240940000000000000e+05 6.516870860665883886e+38
1.433010000000000000e+05 4.092353075721961244e+38
1.654820000000000000e+05 2.525782284646988010e+38
1.910950000000000000e+05 1.432153014741218895e+38
2.206730000000000000e+05 8.719840527800028536e+37
2.548300000000000000e+05 5.212778054815738322e+37
2.942730000000000000e+05 3.050303273642686821e+37
3.398210000000000000e+05 1.595213405106251776e+37
3.924190000000000000e+05 9.150440331024536784e+36
4.531580000000000000e+05 5.131200327547597174e+36
5.232990000000000000e+05 2.801664097654486951e+36
6.042960000000000000e+05 1.310568790916353266e+36
6.978310000000000000e+05 6.951730589802407419e+35
8.058420000000000000e+05 3.585441026647733817e+35
9.305720000000000000e+05 1.788632089639917074e+35
1.074610000000000000e+06 7.149568169467525244e+34
1.240940000000000000e+06 3.418669153372881702e+34
1.433010000000000000e+06 1.579275037278809258e+34
1.654820000000000000e+06 7.000031740459748684e+33
1.910950000000000000e+06 2.226945430902386275e+33
2.206730000000000000e+06 9.254195640092462602e+32
2.548300000000000000e+06 3.688928721068091705e+32
2.942730000000000000e+06 1.400147040669304044e+32
3.398210000000000000e+06 3.147344812541864386e+31
3.924190000000000000e+06 1.072271201140901934e+31
4.531580000000000000e+06 3.477839216639807829e+30
5.232990000000000000e+06 1.076117603712558977e+30
6.042960000000000000e+06 1.397418942440332920e+29
6.978310000000000000e+06 3.519006289576069855e+28
8.058420000000000000e+06 8.269419663744014525e+27
9.305720000000000000e+06 1.891836771911984661e+27
1.074610000000000000e+07 1.097825996581202084e+26
1.240940000000000000e+07 1.700840214020620303e+25
1.433010000000000000e+07 2.282637132329242925e+24
1.654820000000000000e+07 3.008022475586735031e+23
1.910950000000000000e+07 5.895260490162527797e+21
2.206730000000000000e+07 4.094366249006238925e+20
2.548300000000000000e+07 2.044262500879106867e+19
2.942730000000000000e+07 8.615895633383577600e+17
3.398210000000000000e+07 3.562269362540943500e+15
3.924190000000000000e+07 6.522469698560664844e+13
4.531580000000000000e+07 6.169079199375709229e+11
5.232990000000000000e+07 2.967229244337450981e+09
6.042960000000000000e+07 1.062456523559107212e+06
6.978310000000000000e+07 1.374541605796868453e+03
8.058420000000000000e+07 6.542183601460774822e-01
9.305720000000000000e+07 0.000000000000000000e+00
