1.074610000000000047e-16 0.000000000000000000e+00
1.240940000000000054e-16 0.000000000000000000e+00
1.433009999999999988e-16 0.000000000000000000e+00
1.654819999999999889e-16 0.000000000000000000e+00
1.910950000000000020e-16 0.000000000000000000e+00
2.206729999999999967e-16 0.000000000000000000e+00
2.548299999999999914e-16 0.000000000000000000e+00
2.942729999999999995e-16 0.000000000000000000e+00
3.398209999999999854e-16 0.000000000000000000e+00
3.924190000000000071e-16 0.000000000000000000e+00
4.531580000000000165e-16 0.000000000000000000e+00
5.232990000000000256e-16 0.000000000000000000e+00
6.042960000000000084e-16 0.000000000000000000e+00
6.978310000000000580e-16 0.000000000000000000e+00
8.058419999999999311e-16 0.000000000000000000e+00
9.305720000000000863e-16 0.000000000000000000e+00
1.074609999999999923e-15 0.000000000000000000e+00
1.240940000000000005e-15 0.000000000000000000e+00
1.433009999999999988e-15 0.000000000000000000e+00
1.654819999999999938e-15 0.000000000000000000e+00
1.910950000000000020e-15 0.000000000000000000e+00
2.206729999999999868e-15 0.000000000000000000e+00
2.548299999999999618e-15 0.000000000000000000e+00
2.942730000000000389e-15 0.000000000000000000e+00
3.398210000000000052e-15 0.000000000000000000e+00
3.924189999999999578e-15 0.000000000000000000e+00
4.531580000000000165e-15 0.000000000000000000e+00
5.232989999999999861e-15 0.000000000000000000e+00
6.042959999999999886e-15 0.000000000000000000e+00
6.978309999999999594e-15 0.000000000000000000e+00
8.058419999999999705e-15 0.000000000000000000e+00
9.305719999999999285e-15 0.000000000000000000e+00
1.074610000000000002e-14 0.000000000000000000e+00
1.240940000000000005e-14 0.000000000000000000e+00
1.433010000000000146e-14 0.000000000000000000e+00
1.654819999999999859e-14 0.000000000000000000e+00
1.910950000000000178e-14 0.000000000000000000e+00
2.206730000000000105e-14 0.000000000000000000e+00
2.548299999999999855e-14 0.000000000000000000e+00
2.942730000000000074e-14 0.000000000000000000e+00
3.398209999999999815e-14 0.000000000000000000e+00
3.924190000000000367e-14 0.000000000000000000e+00
4.531579999999999534e-14 0.000000000000000000e+00
5.232990000000000177e-14 0.000000000000000000e+00
6.042959999999999729e-14 0.000000000000000000e+00
6.978310000000000383e-14 0.000000000000000000e+00
8.058419999999999705e-14 0.000000000000000000e+00
9.305719999999999601e-14 0.000000000000000000e+00
1.074610000000000128e-13 0.000000000000000000e+00
1.240939999999999910e-13 0.000000000000000000e+00
1.433010000000000020e-13 0.000000000000000000e+00
1.654820000000000112e-13 0.000000000000000000e+00
1.910950000000000051e-13 0.000000000000000000e+00
2.206729999999999979e-13 0.000000000000000000e+00
2.548299999999999855e-13 0.000000000000000000e+00
2.942729999999999821e-13 0.000000000000000000e+00
3.398210000000000320e-13 0.000000000000000000e+00
3.924190000000000367e-13 0.000000000000000000e+00
4.531580000000000165e-13 0.000000000000000000e+00
5.232989999999999293e-13 0.000000000000000000e+00
6.042960000000000738e-13 0.000000000000000000e+00
6.978310000000000383e-13 0.000000000000000000e+00
8.058419999999999705e-13 0.000000000000000000e+00
9.305719999999998843e-13 0.000000000000000000e+00
1.074610000000000002e-12 0.000000000000000000e+00
1.240939999999999961e-12 0.000000000000000000e+00
1.433009999999999970e-12 0.000000000000000000e+00
1.654820000000000011e-12 0.000000000000000000e+00
1.910950000000000051e-12 0.000000000000000000e+00
2.206730000000000231e-12 0.000000000000000000e+00
2.548299999999999956e-12 0.000000000000000000e+00
2.942730000000000326e-12 0.000000000000000000e+00
3.398209999999999916e-12 0.000000000000000000e+00
3.924190000000000468e-12 0.000000000000000000e+00
4.531580000000000367e-12 0.000000000000000000e+00
5.232989999999999899e-12 0.000000000000000000e+00
6.042960000000000334e-12 0.000000000000000000e+00
6.978309999999999979e-12 0.000000000000000000e+00
8.058419999999999907e-12 0.000000000000000000e+00
9.305719999999999247e-12 0.000000000000000000e+00
1.074609999999999921e-11 0.000000000000000000e+00
1.240940000000000001e-11 0.000000000000000000e+00
1.433010000000000010e-11 0.000000000000000000e+00
1.654819999999999849e-11 0.000000000000000000e+00
1.910950000000000132e-11 0.000000000000000000e+00
2.206729999999999989e-11 0.000000000000000000e+00
2.548299999999999875e-11 0.000000000000000000e+00
2.942730000000000084e-11 0.000000000000000000e+00
3.398209999999999916e-11 0.000000000000000000e+00
3.924190000000000306e-11 0.000000000000000000e+00
4.531580000000000367e-11 0.000000000000000000e+00
5.232989999999999576e-11 0.000000000000000000e+00
6.042959999999999365e-11 0.000000000000000000e+00
6.978309999999999656e-11 0.000000000000000000e+00
8.058419999999998938e-11 0.000000000000000000e+00
9.305720000000001186e-11 0.000000000000000000e+00
1.074610000000000051e-10 0.000000000000000000e+00
1.240939999999999904e-10 0.000000000000000000e+00
1.433010000000000204e-10 0.000000000000000000e+00
1.654819999999999979e-10 0.000000000000000000e+00
1.910949999999999744e-10 0.000000000000000000e+00
2.206729999999999989e-10 0.000000000000000000e+00
2.548299999999999875e-10 0.000000000000000000e+00
2.942729999999999825e-10 0.000000000000000000e+00
3.398209999999999787e-10 0.000000000000000000e+00
3.924190000000000177e-10 0.000000000000000000e+00
4.531579999999999979e-10 0.000000000000000000e+00
5.232989999999999318e-10 0.000000000000000000e+00
6.042960000000000399e-10 0.000000000000000000e+00
6.978309999999999656e-10 0.000000000000000000e+00
8.058419999999999972e-10 0.000000000000000000e+00
9.305719999999999377e-10 0.000000000000000000e+00
1.074610000000000077e-09 0.000000000000000000e+00
1.240939999999999853e-09 0.000000000000000000e+00
1.433009999999999997e-09 0.000000000000000000e+00
1.654819999999999875e-09 0.000000000000000000e+00
1.910949999999999900e-09 0.000000000000000000e+00
2.206729999999999885e-09 0.000000000000000000e+00
2.548299999999999979e-09 0.000000000000000000e+00
2.942730000000000239e-09 0.000000000000000000e+00
3.398209999999999994e-09 0.000000000000000000e+00
3.924189999999999453e-09 0.000000000000000000e+00
4.531579999999999772e-09 0.000000000000000000e+00
5.232989999999999731e-09 0.000000000000000000e+00
6.042959999999999572e-09 0.000000000000000000e+00
6.978309999999999242e-09 0.000000000000000000e+00
8.058419999999999972e-09 0.000000000000000000e+00
9.305720000000000824e-09 0.000000000000000000e+00
1.074609999999999952e-08 0.000000000000000000e+00
1.240939999999999894e-08 0.000000000000000000e+00
1.433010000000000038e-08 0.000000000000000000e+00
1.654820000000000123e-08 0.000000000000000000e+00
1.910949999999999982e-08 0.000000000000000000e+00
2.206729999999999803e-08 0.000000000000000000e+00
2.548300000000000061e-08 0.000000000000000000e+00
2.942729999999999908e-08 0.000000000000000000e+00
3.398210000000000490e-08 0.000000000000000000e+00
3.924190000000000280e-08 0.000000000000000000e+00
4.531580000000000268e-08 0.000000000000000000e+00
5.232990000000000062e-08 0.000000000000000000e+00
6.042959999999999737e-08 0.000000000000000000e+00
6.978310000000000235e-08 0.000000000000000000e+00
8.058419999999999972e-08 0.000000000000000000e+00
9.305719999999999501e-08 0.000000000000000000e+00
1.074609999999999986e-07 0.000000000000000000e+00
1.240939999999999993e-07 0.000000000000000000e+00
1.433009999999999939e-07 0.000000000000000000e+00
1.654819999999999991e-07 0.000000000000000000e+00
1.910950000000000048e-07 0.000000000000000000e+00
2.206730000000000067e-07 0.000000000000000000e+00
2.548300000000000127e-07 0.000000000000000000e+00
2.942730000000000305e-07 0.000000000000000000e+00
3.398210000000000093e-07 0.000000000000000000e+00
3.924189999999999883e-07 0.000000000000000000e+00
4.531580000000000136e-07 0.000000000000000000e+00
5.232990000000000062e-07 0.000000000000000000e+00
6.042960000000000796e-07 0.000000000000000000e+00
6.978310000000000235e-07 0.000000000000000000e+00
8.058419999999999707e-07 0.000000000000000000e+00
9.305720000000000030e-07 0.000000000000000000e+00
1.074609999999999906e-06 0.000000000000000000e+00
1.240940000000000099e-06 0.000000000000000000e+00
1.433009999999999939e-06 0.000000000000000000e+00
1.654819999999999938e-06 0.000000000000000000e+00
1.910949999999999890e-06 0.000000000000000000e+00
2.206729999999999961e-06 0.000000000000000000e+00
2.548300000000000233e-06 0.000000000000000000e+00
2.942730000000000199e-06 0.000000000000000000e+00
3.398210000000000199e-06 0.000000000000000000e+00
3.924189999999999777e-06 0.000000000000000000e+00
4.531580000000000242e-06 0.000000000000000000e+00
5.232989999999999850e-06 0.000000000000000000e+00
6.042960000000000161e-06 0.000000000000000000e+00
6.978310000000000447e-06 0.000000000000000000e+00
8.058420000000000342e-06 0.000000000000000000e+00
9.305719999999999395e-06 0.000000000000000000e+00
1.074610000000000033e-05 0.000000000000000000e+00
1.240940000000000015e-05 0.000000000000000000e+00
1.433010000000000024e-05 0.000000000000000000e+00
1.654820000000000192e-05 0.000000000000000000e+00
1.910950000000000059e-05 0.000000000000000000e+00
2.206729999999999792e-05 0.000000000000000000e+00
2.548299999999999979e-05 0.000000000000000000e+00
2.942729999999999860e-05 0.000000000000000000e+00
3.398210000000000114e-05 0.000000000000000000e+00
3.924190000000000116e-05 0.000000000000000000e+00
4.531580000000000411e-05 0.000000000000000000e+00
5.232990000000000189e-05 0.000000000000000000e+00
6.042960000000000161e-05 0.000000000000000000e+00
6.978309999999999938e-05 0.000000000000000000e+00
8.058420000000000004e-05 0.000000000000000000e+00
9.305720000000000072e-05 0.000000000000000000e+00
1.074610000000000067e-04 0.000000000000000000e+00
1.240939999999999947e-04 0.000000000000000000e+00
1.433010000000000024e-04 0.000000000000000000e+00
1.654819999999999989e-04 0.000000000000000000e+00
1.910950000000000127e-04 0.000000000000000000e+00
2.206730000000000063e-04 0.000000000000000000e+00
2.548299999999999979e-04 0.000000000000000000e+00
2.942730000000000064e-04 0.000000000000000000e+00
3.398210000000000250e-04 0.000000000000000000e+00
3.924190000000000252e-04 0.000000000000000000e+00
4.531580000000000005e-04 0.000000000000000000e+00
5.232989999999999647e-04 8.106607537876221302e+52
6.042960000000000432e-04 8.141533685447302282e+52
6.978309999999999938e-04 8.176452875879199199e+52
8.058419999999999733e-04 8.211379231811704739e+52
9.305719999999999530e-04 8.246302254467779806e+52
1.074609999999999932e-03 8.288640575956751214e+52
1.240940000000000055e-03 8.299934651332900851e+52
1.433009999999999970e-03 8.314154701318688346e+52
1.654819999999999989e-03 8.332206559642172574e+52
1.910950000000000018e-03 8.356782549414405610e+52
2.206730000000000063e-03 8.388137949956733266e+52
2.548299999999999871e-03 8.428699470800760945e+52
2.942730000000000172e-03 8.481188053095350914e+52
3.398210000000000033e-03 8.553372728565816547e+52
3.924190000000000143e-03 8.646221253476916135e+52
4.531580000000000330e-03 8.765215209369135231e+52
5.232989999999999864e-03 8.915857999070218921e+52
6.042959999999999998e-03 9.118155484923098226e+52
6.978309999999999721e-03 9.359694740957029003e+52
8.058420000000000166e-03 9.650574855793577699e+52
9.305719999999999964e-03 9.981981093403295934e+52
1.074609999999999975e-02 1.042532179993292449e+53
1.240939999999999925e-02 1.084431724194184847e+53
1.433010000000000013e-02 1.125600613892073089e+53
1.654819999999999902e-02 1.164290436326482146e+53
1.910950000000000149e-02 1.198378903349436344e+53
2.206730000000000150e-02 1.227183592180742521e+53
2.548299999999999871e-02 1.246960415863106043e+53
2.942729999999999999e-02 1.247041692040739877e+53
3.398210000000000119e-02 1.223973649054080531e+53
3.924190000000000317e-02 1.177227555438736041e+53
4.531580000000000330e-02 1.115155210600209861e+53
5.232989999999999864e-02 1.043161318550591272e+53
6.042959999999999998e-02 9.538983647219835985e+52
6.978310000000000068e-02 8.510442027132737672e+52
8.058419999999999472e-02 7.358226575813433051e+52
9.305720000000000658e-02 6.125069182185661612e+52
1.074610000000000010e-01 4.860498831897445979e+52
1.240939999999999960e-01 3.815670780586884856e+52
1.433010000000000117e-01 2.945090100037598927e+52
1.654819999999999902e-01 2.240768646045060901e+52
1.910949999999999871e-01 1.657854102986667987e+52
2.206730000000000080e-01 1.245163645624903462e+52
2.548300000000000010e-01 9.284333406238053586e+51
2.942730000000000068e-01 6.872941121255736840e+51
3.398209999999999842e-01 5.016014296343714517e+51
3.924190000000000178e-01 3.729784520311761760e+51
4.531580000000000052e-01 2.767065374095194960e+51
5.232989999999999586e-01 2.048733750863311546e+51
6.042960000000000553e-01 1.505716598946493637e+51
6.978309999999999791e-01 1.127596359775944177e+51
8.058419999999999472e-01 8.438827494368031196e+50
9.305719999999999548e-01 6.306497600483445426e+50
1.074610000000000065e+00 4.662079349690770957e+50
1.240939999999999932e+00 3.513552499854825094e+50
1.433009999999999895e+00 2.642329802338822748e+50
1.654819999999999958e+00 1.982148116163564246e+50
1.910949999999999926e+00 1.468022878736454657e+50
2.206729999999999858e+00 1.108711491558546929e+50
2.548299999999999788e+00 8.351611530682854674e+49
2.942730000000000068e+00 6.272588036692705901e+49
3.398210000000000175e+00 4.650238612418063574e+49
3.924189999999999845e+00 3.511243301700397522e+49
4.531579999999999941e+00 2.642510721400850241e+49
5.232990000000000030e+00 1.981543561455736050e+49
6.042959999999999887e+00 1.467583037403595575e+49
6.978309999999999569e+00 1.106521213196806480e+49
8.058419999999999916e+00 8.321727516765889562e+48
9.305720000000000880e+00 6.242181161174473464e+48
1.074610000000000021e+01 4.630193059959196128e+48
1.240939999999999976e+01 3.497743665581467665e+48
1.433009999999999984e+01 2.635750720396215095e+48
1.654820000000000135e+01 1.980379229988639210e+48
1.910950000000000060e+01 1.467559136412119470e+48
2.206729999999999947e+01 1.108350877269036903e+48
2.548300000000000054e+01 8.345376955047650197e+47
2.942729999999999890e+01 6.263799753978868135e+47
3.398210000000000264e+01 4.631204739392860696e+47
3.924190000000000111e+01 3.495977718111674013e+47
4.531580000000000297e+01 2.632588323620735067e+47
5.232990000000000208e+01 1.976992990229845311e+47
6.042960000000000065e+01 1.461974890086671553e+47
6.978310000000000457e+01 1.104708760420303200e+47
8.058419999999999561e+01 8.326908820338191874e+46
9.305719999999999459e+01 6.258162891894841361e+46
1.074609999999999985e+02 4.626770180967998622e+46
1.240939999999999941e+02 3.495211828338402603e+46
1.433009999999999877e+02 2.632722161620416621e+46
1.654819999999999993e+02 1.976394744133419350e+46
1.910949999999999989e+02 1.458231052864116168e+46
2.206730000000000018e+02 1.099634317604455166e+46
2.548300000000000125e+02 8.266145342606088831e+45
2.942730000000000246e+02 6.191609997442596165e+45
3.398210000000000264e+02 4.555170968385976030e+45
3.924189999999999827e+02 3.426330275581232613e+45
4.531580000000000155e+02 2.568520149994676786e+45
5.232989999999999782e+02 1.918080810678184765e+45
6.042960000000000491e+02 1.405748521761596845e+45
6.978310000000000173e+02 1.053763977261705244e+45
8.058419999999999845e+02 7.870013896673193001e+44
9.305720000000000027e+02 5.853135064469835848e+44
1.074609999999999900e+03 4.267843567562408943e+44
1.240940000000000055e+03 3.184588369582149593e+44
1.433009999999999991e+03 2.366590094669486236e+44
1.654819999999999936e+03 1.750549788531492229e+44
1.910950000000000045e+03 1.267787909237663901e+44
2.206730000000000018e+03 9.402622294670737259e+43
2.548300000000000182e+03 6.941533984557837280e+43
2.942730000000000018e+03 5.097964507851104828e+43
3.398210000000000036e+03 3.658982686540010663e+43
3.924190000000000055e+03 2.692141477363691712e+43
4.531579999999999927e+03 1.970400151152806577e+43
5.232989999999999782e+03 1.433602976759780528e+43
6.042960000000000036e+03 1.016846483256599389e+43
6.978310000000000400e+03 7.404222585784910847e+42
8.058420000000000073e+03 5.358774591275595637e+42
9.305719999999999345e+03 3.851821313846261830e+42
1.074610000000000036e+04 2.690094515072192071e+42
1.240939999999999964e+04 1.932691840176081406e+42
1.433010000000000036e+04 1.378705850451440365e+42
1.654820000000000073e+04 9.756061096784493851e+41
1.910950000000000000e+04 6.677550978276758243e+41
2.206729999999999927e+04 4.715454572062133103e+41
2.548300000000000000e+04 3.301985586607109148e+41
2.942729999999999927e+04 2.290200688947474071e+41
3.398209999999999854e+04 1.526876110298979850e+41
3.924190000000000146e+04 1.054716009866055489e+41
4.531580000000000291e+04 7.212617245019025005e+40
5.232990000000000146e+04 4.876051668370067266e+40
6.042959999999999854e+04 3.141349017184613434e+40
6.978310000000000582e+04 2.109668746419639485e+40
8.058419999999999709e+04 1.399685717522442683e+40
9.305719999999999709e+04 9.158069036643410078e+39
1.074610000000000000e+05 5.640392998492053117e+39
1.240940000000000000e+05 3.653896440932673416e+39
1.433010000000000000e+05 2.332168488686872515e+39
1.654820000000000000e+05 1.463319670926939563e+39
1.910950000000000000e+05 8.490080089802929277e+38
2.206730000000000000e+05 5.250652848541392570e+38
2.548300000000000000e+05 3.188448597159409197e+38
2.942730000000000000e+05 1.895564057849955224e+38
3.398210000000000000e+05 1.014622260592295491e+38
3.924190000000000000e+05 5.908549003569675295e+37
4.531580000000000000e+05 3.363673834696561577e+37
5.232990000000000000e+05 1.864795050303575247e+37
6.042960000000000000e+05 8.933611061095146135e+36
6.978310000000000000e+05 4.808519391311935459e+36
8.058420000000000000e+05 2.516407499393248772e+36
9.305720000000000000e+05 1.273846705458405977e+36
1.074610000000000000e+06 5.220338268600245733e+35
1.240940000000000000e+06 2.532084097137951448e+35
1.433010000000000000e+06 1.186312943781966345e+35
1.654820000000000000e+06 5.332444534297853754e+34
1.910950000000000000e+06 1.742525660321466378e+34
2.206730000000000000e+06 7.344966813482878767e+33
2.548300000000000000e+06 2.968684332961053682e+33
2.942730000000000000e+06 1.141785319524559671e+33
3.398210000000000000e+06 2.644451100810083811e+32
3.924190000000000000e+06 9.143897138860244803e+31
4.531580000000000000e+06 3.008708037231191030e+31
5.232990000000000000e+06 9.428727951568893786e+30
6.042960000000000000e+06 1.264473625095859664e+30
6.978310000000000000e+06 3.235950867021192110e+29
8.058420000000000000e+06 7.730291455626417604e+28
9.305720000000000000e+06 1.794050263431208591e+28
1.074610000000000000e+07 1.072659080577266340e+27
1.240940000000000000e+07 1.691724912252698539e+26
1.433010000000000000e+07 2.315202172353412324e+25
1.654820000000000000e+07 3.108162979330955703e+24
1.910950000000000000e+07 6.257837273841548237e+22
2.206730000000000000e+07 4.431270704160238469e+21
2.548300000000000000e+07 2.260823735613146726e+20
2.942730000000000000e+07 9.762579967981615104e+18
3.398210000000000000e+07 4.138635759055550400e+16
3.924190000000000000e+07 7.735806668218135000e+14
4.531580000000000000e+07 7.493588985119483398e+12
5.232990000000000000e+07 3.702851644348487091e+10
6.042960000000000000e+07 1.362416172297022492e+07
6.978310000000000000e+07 1.849758650709135691e+04
8.058420000000000000e+07 5.417884389485985963e+01
9.305720000000000000e+07 0.000000000000000000e+00
