1.000000000000000000e+02 1.766031400000000250e-35
1.047129999999999939e+02 1.858296799999999938e-35
1.096479999999999961e+02 1.955284799999999936e-35
1.148149999999999977e+02 2.056553399999999620e-35
1.202259999999999991e+02 2.163026200000000222e-35
1.258930000000000007e+02 2.274294199999999859e-35
1.318259999999999934e+02 2.391133600000000029e-35
1.380380000000000109e+02 2.513411600000000495e-35
1.445440000000000111e+02 2.641405599999999729e-35
1.513559999999999945e+02 2.775491600000000341e-35
1.584890000000000043e+02 2.916034999999999493e-35
1.659590000000000032e+02 3.063114199999999626e-35
1.737800000000000011e+02 3.217525599999999659e-35
1.819699999999999989e+02 3.378563199999999694e-35
1.905459999999999923e+02 3.548256000000000353e-35
1.995260000000000105e+02 3.725468599999999846e-35
2.089300000000000068e+02 3.910736399999999500e-35
2.187760000000000105e+02 4.104898600000000085e-35
2.290869999999999891e+02 4.308476399999999255e-35
2.398830000000000098e+02 4.521239999999999715e-35
2.511889999999999930e+02 4.744439000000000326e-35
2.630269999999999868e+02 4.978333000000000869e-35
2.754230000000000018e+02 5.222968999999999831e-35
2.884030000000000200e+02 5.479042999999999697e-35
3.019950000000000045e+02 5.747385999999999325e-35
3.162280000000000086e+02 6.028583000000000115e-35
3.311309999999999718e+02 6.321786000000000172e-35
3.467370000000000232e+02 6.629001999999999713e-35
3.630779999999999745e+02 6.951835000000000436e-35
3.801890000000000214e+02 7.288377999999998726e-35
3.981070000000000277e+02 7.641219999999999061e-35
4.168690000000000282e+02 8.011030000000000801e-35
4.365160000000000196e+02 8.397715999999999714e-35
4.570880000000000223e+02 8.802891999999999725e-35
4.786299999999999955e+02 9.226945999999999755e-35
5.011870000000000118e+02 9.669423999999999662e-35
5.248070000000000164e+02 1.013339799999999780e-34
5.495410000000000537e+02 1.061917599999999986e-34
5.754400000000000546e+02 1.112679999999999789e-34
6.025599999999999454e+02 1.165786000000000050e-34
6.309569999999999936e+02 1.221492000000000074e-34
6.606929999999999836e+02 1.279530199999999879e-34
6.918310000000000173e+02 1.340491400000000040e-34
7.244360000000000355e+02 1.404137799999999986e-34
7.585779999999999745e+02 1.470691800000000003e-34
7.943279999999999745e+02 1.540313999999999856e-34
8.317640000000000100e+02 1.613149200000000049e-34
8.709640000000000555e+02 1.689389599999999941e-34
9.120109999999999673e+02 1.769304200000000078e-34
9.549930000000000518e+02 1.852325400000000005e-34
1.000000000000000000e+03 1.939446599999999836e-34
1.047130000000000109e+03 2.030433200000000225e-34
1.096480000000000018e+03 2.125673800000000162e-34
1.148150000000000091e+03 2.225211199999999894e-34
1.202259999999999991e+03 2.329147400000000105e-34
1.258930000000000064e+03 2.437871800000000090e-34
1.318259999999999991e+03 2.551184000000000184e-34
1.380380000000000109e+03 2.669818399999999829e-34
1.445440000000000055e+03 2.793495599999999626e-34
1.513559999999999945e+03 2.923062400000000049e-34
1.584890000000000100e+03 3.058473600000000144e-34
1.659589999999999918e+03 3.199889599999999653e-34
1.737799999999999955e+03 3.347787600000000334e-34
1.819700000000000045e+03 3.501428800000000097e-34
1.905460000000000036e+03 3.662006399999999723e-34
1.995259999999999991e+03 3.830022999999999632e-34
2.089300000000000182e+03 4.005173200000000411e-34
2.187760000000000218e+03 4.187827000000000393e-34
2.290869999999999891e+03 4.377732399999999503e-34
2.398829999999999927e+03 4.576932399999999769e-34
2.511889999999999873e+03 4.784651999999999617e-34
2.630269999999999982e+03 5.000198000000000096e-34
2.754230000000000018e+03 5.225670999999999635e-34
2.884030000000000200e+03 5.460975999999999217e-34
3.019949999999999818e+03 5.706172999999999796e-34
3.162280000000000200e+03 5.961308999999999114e-34
3.311309999999999945e+03 6.226660999999999285e-34
3.467369999999999891e+03 6.503849000000000435e-34
3.630780000000000200e+03 6.792295999999999098e-34
3.801889999999999873e+03 7.092315999999999958e-34
3.981070000000000164e+03 7.406405999999999412e-34
4.168689999999999600e+03 7.731744000000000238e-34
4.365159999999999854e+03 8.070294000000000455e-34
4.570880000000000109e+03 8.422807999999999831e-34
4.786300000000000182e+03 8.789429999999997922e-34
5.011869999999999891e+03 9.170463999999999111e-34
5.248069999999999709e+03 9.567212000000000089e-34
5.495409999999999854e+03 9.979954000000000751e-34
5.754399999999999636e+03 1.040785800000000063e-33
6.025600000000000364e+03 1.085348399999999998e-33
6.309569999999999709e+03 1.131494799999999979e-33
6.606930000000000291e+03 1.179550199999999998e-33
6.918310000000000400e+03 1.229372200000000001e-33
7.244359999999999673e+03 1.280948000000000047e-33
7.585779999999999745e+03 1.334730800000000057e-33
7.943279999999999745e+03 1.390389199999999833e-33
8.317639999999999418e+03 1.448422799999999876e-33
8.709639999999999418e+03 1.508368800000000008e-33
9.120110000000000582e+03 1.570632599999999924e-33
9.549930000000000291e+03 1.634855399999999848e-33
1.000000000000000000e+04 1.701868199999999963e-33
1.047129999999999927e+04 1.770981400000000196e-33
1.096479999999999927e+04 1.842286799999999878e-33
1.148150000000000000e+04 1.916736199999999999e-33
1.202260000000000036e+04 1.993499199999999930e-33
1.258929999999999927e+04 2.072947800000000290e-33
1.318260000000000036e+04 2.155365800000000046e-33
1.380379999999999927e+04 2.240290800000000094e-33
1.445439999999999964e+04 2.328037399999999884e-33
1.513560000000000036e+04 2.419029599999999895e-33
1.584889999999999964e+04 2.512861599999999701e-33
1.659590000000000146e+04 2.610202200000000051e-33
1.737800000000000000e+04 2.710171199999999686e-33
1.819700000000000000e+04 2.813972999999999742e-33
1.905459999999999854e+04 2.920760599999999722e-33
1.995259999999999854e+04 3.030999999999999832e-33
2.089300000000000000e+04 3.145226800000000461e-33
2.187759999999999854e+04 3.262952399999999814e-33
2.290870000000000073e+04 3.384396799999999742e-33
2.398829999999999927e+04 3.509431400000000074e-33
2.511890000000000146e+04 3.638473599999999499e-33
2.630270000000000073e+04 3.771168199999999341e-33
2.754229999999999927e+04 3.908420799999999693e-33
2.884029999999999927e+04 4.049819200000000416e-33
3.019950000000000000e+04 4.194364999999999577e-33
3.162279999999999927e+04 4.344160599999998892e-33
3.311309999999999854e+04 4.498194399999999005e-33
3.467369999999999709e+04 4.656864799999999485e-33
3.630780000000000291e+04 4.820020199999999897e-33
3.801890000000000146e+04 4.988214000000000295e-33
3.981069999999999709e+04 5.160216999999999409e-33
4.168690000000000146e+04 5.337892000000000657e-33
4.365159999999999854e+04 5.520640999999999851e-33
4.570880000000000291e+04 5.708068999999998844e-33
4.786300000000000000e+04 5.900799000000000268e-33
5.011869999999999709e+04 6.098764000000000133e-33
5.248069999999999709e+04 6.301953999999999337e-33
5.495409999999999854e+04 6.510981999999999354e-33
5.754400000000000000e+04 6.725410000000000140e-33
6.025600000000000000e+04 6.946097999999999933e-33
6.309569999999999709e+04 7.171051999999998609e-33
6.606930000000000291e+04 7.402697999999999746e-33
6.918310000000000582e+04 7.641329999999999729e-33
7.244360000000000582e+04 7.885961999999998742e-33
7.585780000000000291e+04 8.136665999999999642e-33
7.943280000000000291e+04 8.392938000000000221e-33
8.317639999999999418e+04 8.656759999999999216e-33
8.709639999999999418e+04 8.926655999999999644e-33
9.120110000000000582e+04 9.202844000000000044e-33
9.549930000000000291e+04 9.486211999999999156e-33
1.000000000000000000e+05 9.776275999999999824e-33
1.047130000000000000e+05 1.007367199999999900e-32
1.096480000000000000e+05 1.037842199999999991e-32
1.148150000000000000e+05 1.068931600000000010e-32
1.202260000000000000e+05 1.100947399999999926e-32
1.258930000000000000e+05 1.133628200000000082e-32
1.318260000000000000e+05 1.167192799999999792e-32
1.380380000000000000e+05 1.201354999999999948e-32
1.445440000000000000e+05 1.236357600000000043e-32
1.513560000000000000e+05 1.272198999999999889e-32
1.584890000000000000e+05 1.308962200000000266e-32
1.659590000000000000e+05 1.346360599999999965e-32
1.737800000000000000e+05 1.384785399999999911e-32
1.819700000000000000e+05 1.423913600000000024e-32
1.905460000000000000e+05 1.464123000000000018e-32
1.995260000000000000e+05 1.505074200000000243e-32
2.089300000000000000e+05 1.547004399999999815e-32
2.187760000000000000e+05 1.589958799999999722e-32
2.290870000000000000e+05 1.633943999999999974e-32
2.398830000000000000e+05 1.678745199999999941e-32
2.511890000000000000e+05 1.724455799999999961e-32
2.630270000000000000e+05 1.771104999999999991e-32
2.754230000000000000e+05 1.818870399999999779e-32
2.884030000000000000e+05 1.867525800000000043e-32
3.019950000000000000e+05 1.917557399999999768e-32
3.162280000000000000e+05 1.968334399999999728e-32
3.311310000000000000e+05 2.020308600000000129e-32
3.467370000000000000e+05 2.073243000000000028e-32
3.630780000000000000e+05 2.127553200000000026e-32
3.801890000000000000e+05 2.182765999999999973e-32
3.981070000000000000e+05 2.239218400000000340e-32
4.168690000000000000e+05 2.296960000000000023e-32
4.365160000000000000e+05 2.355753999999999813e-32
4.570880000000000000e+05 2.415758799999999701e-32
4.786300000000000000e+05 2.477001999999999733e-32
5.011870000000000000e+05 2.539545000000000102e-32
5.248070000000000000e+05 2.603333400000000534e-32
5.495410000000000000e+05 2.667999799999999508e-32
5.754400000000000000e+05 2.734499000000000069e-32
6.025600000000000000e+05 2.802259400000000538e-32
6.309570000000000000e+05 2.871480200000000152e-32
6.606930000000000000e+05 2.941712599999999258e-32
6.918310000000000000e+05 3.013628199999999887e-32
7.244360000000000000e+05 3.086976999999999796e-32
7.585780000000000000e+05 3.161589599999999436e-32
7.943280000000000000e+05 3.237536599999999652e-32
8.317640000000000000e+05 3.315258599999999353e-32
8.709640000000000000e+05 3.394483799999999730e-32
9.120110000000000000e+05 3.475168399999999614e-32
9.549930000000000000e+05 3.557505599999999874e-32
1.000000000000000000e+06 3.641582599999999925e-32
1.047130000000000000e+06 3.727301399999999788e-32
1.096480000000000000e+06 3.814163799999999910e-32
1.148150000000000000e+06 3.903060200000000130e-32
1.202260000000000000e+06 3.993579799999999583e-32
1.258930000000000000e+06 4.085670600000000189e-32
1.318260000000000000e+06 4.180046799999999669e-32
1.380380000000000000e+06 4.275595400000000003e-32
1.445440000000000000e+06 4.372998400000000320e-32
1.513560000000000000e+06 4.472602199999998823e-32
1.584890000000000000e+06 4.574152800000000746e-32
1.659590000000000000e+06 4.677362199999999041e-32
1.737800000000000000e+06 4.782521599999999484e-32
1.819700000000000000e+06 4.889513199999999325e-32
1.905460000000000000e+06 4.998397399999999941e-32
1.995260000000000000e+06 5.109698399999999650e-32
2.089300000000000000e+06 5.222924399999999640e-32
2.187760000000000000e+06 5.338214599999999050e-32
2.290870000000000000e+06 5.455469000000000265e-32
2.398830000000000000e+06 5.575131999999999283e-32
2.511890000000000000e+06 5.697032999999999832e-32
2.630270000000000000e+06 5.820593999999999493e-32
2.754230000000000000e+06 5.947419999999999840e-32
2.884030000000000000e+06 6.075561999999999456e-32
3.019950000000000000e+06 6.206333999999999431e-32
3.162280000000000000e+06 6.339935999999999368e-32
3.311310000000000000e+06 6.475517999999999314e-32
3.467370000000000000e+06 6.614093999999999859e-32
3.630780000000000000e+06 6.754335999999999526e-32
3.801890000000000000e+06 6.897056000000000029e-32
3.981070000000000000e+06 7.043177999999999621e-32
4.168690000000000000e+06 7.191407999999999799e-32
4.365160000000000000e+06 7.342778000000000090e-32
4.570880000000000000e+06 7.496400000000000112e-32
4.786300000000000000e+06 7.652749999999999927e-32
5.011870000000000000e+06 7.811932000000000071e-32
5.248070000000000000e+06 7.973121999999999906e-32
5.495410000000000000e+06 8.138615999999999600e-32
5.754400000000000000e+06 8.305777999999999878e-32
6.025600000000000000e+06 8.475949999999999323e-32
6.309570000000000000e+06 8.650199999999999711e-32
6.606930000000000000e+06 8.827150000000000209e-32
6.918310000000000000e+06 9.006285999999999234e-32
7.244360000000000000e+06 9.189753999999999989e-32
7.585780000000000000e+06 9.374963999999999627e-32
7.943280000000000000e+06 9.564927999999999872e-32
8.317640000000000000e+06 9.756993999999999598e-32
8.709640000000000000e+06 9.952492000000000653e-32
9.120110000000000000e+06 1.015174399999999992e-31
9.549930000000000000e+06 1.035536800000000062e-31
1.000000000000000000e+07 1.056049999999999872e-31
1.047130000000000000e+07 1.077096599999999912e-31
1.096480000000000000e+07 1.098401600000000017e-31
1.148150000000000000e+07 1.120029400000000002e-31
1.202260000000000000e+07 1.142011199999999919e-31
1.258930000000000000e+07 1.164562199999999979e-31
1.318260000000000000e+07 1.187365200000000021e-31
1.380380000000000000e+07 1.210543399999999956e-31
1.445440000000000000e+07 1.234104999999999873e-31
1.513560000000000000e+07 1.258099599999999925e-31
1.584890000000000000e+07 1.282422999999999868e-31
1.659590000000000000e+07 1.307205599999999844e-31
1.737800000000000000e+07 1.332506600000000026e-31
1.819700000000000000e+07 1.358077399999999853e-31
1.905460000000000000e+07 1.384149199999999857e-31
1.995260000000000000e+07 1.410657399999999856e-31
2.089300000000000000e+07 1.437609400000000010e-31
2.187760000000000000e+07 1.464875399999999956e-31
2.290870000000000000e+07 1.492686799999999933e-31
2.398830000000000000e+07 1.521027999999999915e-31
2.511890000000000000e+07 1.549800799999999885e-31
2.630270000000000000e+07 1.579029799999999885e-31
2.754230000000000000e+07 1.608714399999999911e-31
2.884030000000000000e+07 1.638867599999999842e-31
3.019950000000000000e+07 1.669481800000000028e-31
3.162280000000000000e+07 1.700758599999999929e-31
3.311310000000000000e+07 1.732345799999999835e-31
3.467370000000000000e+07 1.764573199999999931e-31
3.630780000000000000e+07 1.797234799999999945e-31
3.801890000000000000e+07 1.830522599999999979e-31
3.981070000000000000e+07 1.864359599999999978e-31
4.168690000000000000e+07 1.898638199999999835e-31
4.365160000000000000e+07 1.933592599999999867e-31
4.570880000000000000e+07 1.969040199999999844e-31
4.786300000000000000e+07 2.005041000000000083e-31
5.011870000000000000e+07 2.041632799999999773e-31
5.248070000000000000e+07 2.078762199999999919e-31
5.495410000000000000e+07 2.116696399999999798e-31
5.754400000000000000e+07 2.154928600000000026e-31
6.025600000000000000e+07 2.193999800000000044e-31
6.309570000000000000e+07 2.233661200000000021e-31
6.606930000000000000e+07 2.273754999999999696e-31
6.918310000000000000e+07 2.314708200000000070e-31
7.244360000000000000e+07 2.356256999999999974e-31
7.585780000000000000e+07 2.398377399999999808e-31
7.943280000000000000e+07 2.441223400000000118e-31
8.317640000000000000e+07 2.484829800000000088e-31
8.709640000000000000e+07 2.528967599999999919e-31
9.120110000000000000e+07 2.573717399999999892e-31
9.549930000000000000e+07 2.619206599999999927e-31
1.000000000000000000e+08 2.665612599999999734e-31
1.047130000000000000e+08 2.712547199999999983e-31
1.096480000000000000e+08 2.760555399999999974e-31
1.148150000000000000e+08 2.808795799999999913e-31
1.202260000000000000e+08 2.858065000000000103e-31
1.258930000000000000e+08 2.908077400000000070e-31
1.318260000000000000e+08 2.958813000000000071e-31
1.380380000000000000e+08 3.010259200000000086e-31
1.445440000000000000e+08 3.062641199999999760e-31
1.513560000000000000e+08 3.115747999999999764e-31
1.584890000000000000e+08 3.169729999999999763e-31
1.659590000000000000e+08 3.224523600000000090e-31
1.737800000000000000e+08 3.280117799999999704e-31
1.819700000000000000e+08 3.336644999999999995e-31
1.905460000000000000e+08 3.394007000000000068e-31
1.995260000000000000e+08 3.452158799999999849e-31
2.089300000000000000e+08 3.511049399999999690e-31
2.187760000000000000e+08 3.571155799999999948e-31
2.290870000000000000e+08 3.632036000000000033e-31
2.398830000000000000e+08 3.693836599999999897e-31
2.511890000000000000e+08 3.756445599999999938e-31
2.630270000000000000e+08 3.820160599999999774e-31
2.754230000000000000e+08 3.884870399999999951e-31
2.884030000000000000e+08 3.950345799999999649e-31
3.019950000000000000e+08 4.016734000000000135e-31
3.162280000000000000e+08 4.084221199999999676e-31
3.311310000000000000e+08 4.152795400000000002e-31
3.467370000000000000e+08 4.222692599999999464e-31
3.630780000000000000e+08 4.293045999999999829e-31
3.801890000000000000e+08 4.364766399999999987e-31
3.981070000000000000e+08 4.437588200000000079e-31
4.168690000000000000e+08 4.511247399999999665e-31
4.365160000000000000e+08 4.586041799999999388e-31
4.570880000000000000e+08 4.661994000000000014e-31
4.786300000000000000e+08 4.739205399999999523e-31
5.011870000000000000e+08 4.817310200000000080e-31
5.248070000000000000e+08 4.896873999999999414e-31
5.495410000000000000e+08 4.977405800000000065e-31
5.754400000000000000e+08 5.059031200000000200e-31
6.025600000000000000e+08 5.142107799999999537e-31
6.309570000000000000e+08 5.226212200000000145e-31
6.606930000000000000e+08 5.311634199999999441e-31
6.918310000000000000e+08 5.398086799999999429e-31
7.244360000000000000e+08 5.485809600000000215e-31
7.585780000000000000e+08 5.574972999999999456e-31
7.943280000000000000e+08 5.665338000000000112e-31
8.317640000000000000e+08 5.757069999999999683e-31
8.709640000000000000e+08 5.850235999999999887e-31
9.120110000000000000e+08 5.944397999999999996e-31
9.549930000000000000e+08 6.039989999999999564e-31
1.000000000000000000e+09 6.137179999999999746e-31
1.047130000000000000e+09 6.235511999999999783e-31
1.096480000000000000e+09 6.335465999999999598e-31
1.148150000000000000e+09 6.436353999999999507e-31
1.202260000000000000e+09 6.539277999999999882e-31
1.258930000000000000e+09 6.643884000000000134e-31
1.318260000000000000e+09 6.749199999999999524e-31
1.380380000000000000e+09 6.856705999999999928e-31
1.445440000000000000e+09 6.965415999999999999e-31
1.513560000000000000e+09 7.075037999999999835e-31
1.584890000000000000e+09 7.187231999999999861e-31
1.659590000000000000e+09 7.300591999999999783e-31
1.737800000000000000e+09 7.415723999999999732e-31
1.819700000000000000e+09 7.532053999999999337e-31
1.905460000000000000e+09 7.650351999999999588e-31
1.995260000000000000e+09 7.770233999999999846e-31
2.089300000000000000e+09 7.891776000000000528e-31
2.187760000000000000e+09 8.014815999999999615e-31
2.290870000000000000e+09 8.139595999999999843e-31
2.398830000000000000e+09 8.266323999999999224e-31
2.511890000000000000e+09 8.394305999999999814e-31
2.630270000000000000e+09 8.524483999999998801e-31
2.754230000000000000e+09 8.655959999999999655e-31
2.884030000000000000e+09 8.790027999999999565e-31
3.019950000000000000e+09 8.925663999999999162e-31
3.162280000000000000e+09 9.062578000000000009e-31
3.311310000000000000e+09 9.202324000000000311e-31
3.467370000000000000e+09 9.343523999999999235e-31
3.630780000000000000e+09 9.486507999999999958e-31
3.801890000000000000e+09 9.631795999999999258e-31
3.981070000000000000e+09 9.778641999999999689e-31
4.168690000000000000e+09 9.927601999999999841e-31
4.365160000000000000e+09 1.007872799999999922e-30
4.570880000000000000e+09 1.023208199999999938e-30
4.786300000000000000e+09 1.038648800000000012e-30
5.011870000000000000e+09 1.054398000000000044e-30
5.248070000000000000e+09 1.070343199999999994e-30
5.495410000000000000e+09 1.086492799999999875e-30
5.754400000000000000e+09 1.102807000000000001e-30
6.025600000000000000e+09 1.119379200000000030e-30
6.309570000000000000e+09 1.136182200000000034e-30
6.606930000000000000e+09 1.153160799999999922e-30
6.918310000000000000e+09 1.170381199999999949e-30
7.244360000000000000e+09 1.187831800000000038e-30
7.585780000000000000e+09 1.205534199999999874e-30
7.943280000000000000e+09 1.223427400000000027e-30
8.317640000000000000e+09 1.241510799999999883e-30
8.709640000000000000e+09 1.259857199999999973e-30
9.120110000000000000e+09 1.278465000000000000e-30
9.549930000000000000e+09 1.297281399999999879e-30
1.000000000000000000e+10 1.316391199999999982e-30
1.047130000000000000e+10 1.335667800000000013e-30
1.096480000000000000e+10 1.355242599999999927e-30
1.148150000000000000e+10 1.375015999999999908e-30
1.202260000000000000e+10 1.395075000000000013e-30
1.258930000000000000e+10 1.415362199999999944e-30
1.318260000000000000e+10 1.435899999999999970e-30
1.380380000000000000e+10 1.456635799999999975e-30
1.445440000000000000e+10 1.477693000000000018e-30
1.513560000000000000e+10 1.499038399999999986e-30
1.584890000000000000e+10 1.520534199999999970e-30
1.659590000000000000e+10 1.542355999999999854e-30
1.737800000000000000e+10 1.564410599999999950e-30
1.819700000000000000e+10 1.586734399999999910e-30
1.905460000000000000e+10 1.609367799999999859e-30
1.995260000000000000e+10 1.632136199999999946e-30
2.089300000000000000e+10 1.655256600000000033e-30
2.187760000000000000e+10 1.678621799999999827e-30
2.290870000000000000e+10 1.702215399999999943e-30
2.398830000000000000e+10 1.726078400000000069e-30
2.511890000000000000e+10 1.750248000000000091e-30
2.630270000000000000e+10 1.774621600000000103e-30
2.754230000000000000e+10 1.799306400000000048e-30
2.884030000000000000e+10 1.824240199999999794e-30
3.019950000000000000e+10 1.849487199999999885e-30
3.162280000000000000e+10 1.874882000000000018e-30
3.311310000000000000e+10 1.900597199999999809e-30
3.467370000000000000e+10 1.926546799999999755e-30
3.630780000000000000e+10 1.952844799999999872e-30
3.801890000000000000e+10 1.979353199999999755e-30
3.981070000000000000e+10 2.006102999999999835e-30
4.168690000000000000e+10 2.032987600000000081e-30
4.365160000000000000e+10 2.060313600000000039e-30
4.570880000000000000e+10 2.087814399999999996e-30
4.786300000000000000e+10 2.115524599999999863e-30
5.011870000000000000e+10 2.143480599999999993e-30
5.248070000000000000e+10 2.171681999999999743e-30
5.495410000000000000e+10 2.200125399999999954e-30
5.754400000000000000e+10 2.228791799999999864e-30
6.025600000000000000e+10 2.257692199999999988e-30
6.309570000000000000e+10 2.286804200000000055e-30
6.606930000000000000e+10 2.316181600000000009e-30
6.918310000000000000e+10 2.345672600000000035e-30
7.244360000000000000e+10 2.375435600000000046e-30
7.585780000000000000e+10 2.405410200000000001e-30
7.943280000000000000e+10 2.435584399999999879e-30
8.317640000000000000e+10 2.465942199999999886e-30
8.709640000000000000e+10 2.496313199999999741e-30
9.120110000000000000e+10 2.527058399999999897e-30
9.549930000000000000e+10 2.557856199999999819e-30
1.000000000000000000e+11 2.588805199999999992e-30
1.047130000000000000e+11 2.619916399999999881e-30
1.096480000000000000e+11 2.651241399999999745e-30
1.148150000000000000e+11 2.682593399999999918e-30
1.202260000000000000e+11 2.714123000000000035e-30
1.258930000000000000e+11 2.745735800000000057e-30
1.318260000000000000e+11 2.777422599999999910e-30
1.380380000000000000e+11 2.809258000000000040e-30
1.445440000000000000e+11 2.841185399999999855e-30
1.513560000000000000e+11 2.873081000000000055e-30
1.584890000000000000e+11 2.905063399999999991e-30
1.659590000000000000e+11 2.937082999999999814e-30
1.737800000000000000e+11 2.969114199999999714e-30
1.819700000000000000e+11 3.001151199999999829e-30
1.905460000000000000e+11 3.033192600000000009e-30
1.995260000000000000e+11 3.065310999999999938e-30
2.089300000000000000e+11 3.097276199999999903e-30
2.187760000000000000e+11 3.129270599999999859e-30
2.290870000000000000e+11 3.161255600000000121e-30
2.398830000000000000e+11 3.193076800000000198e-30
2.511890000000000000e+11 3.224865600000000045e-30
2.630270000000000000e+11 3.256557800000000170e-30
2.754230000000000000e+11 3.288193200000000084e-30
2.884030000000000000e+11 3.319592199999999780e-30
3.019950000000000000e+11 3.350966399999999551e-30
3.162280000000000000e+11 3.382068799999999658e-30
3.311310000000000000e+11 3.413135999999999941e-30
3.467370000000000000e+11 3.444006199999999574e-30
3.630780000000000000e+11 3.474702399999999795e-30
3.801890000000000000e+11 3.505115800000000187e-30
3.981070000000000000e+11 3.535424999999999851e-30
4.168690000000000000e+11 3.565472200000000189e-30
4.365160000000000000e+11 3.595237199999999561e-30
4.570880000000000000e+11 3.624820999999999858e-30
4.786300000000000000e+11 3.654193800000000126e-30
5.011870000000000000e+11 3.683192000000000150e-30
5.248070000000000000e+11 3.711965999999999947e-30
5.495410000000000000e+11 3.740432799999999934e-30
5.754400000000000000e+11 3.768612400000000027e-30
6.025600000000000000e+11 3.796512799999999772e-30
6.309570000000000000e+11 3.824074800000000006e-30
6.606930000000000000e+11 3.851342599999999605e-30
6.918310000000000000e+11 3.878279200000000054e-30
7.244360000000000000e+11 3.904893000000000142e-30
7.585780000000000000e+11 3.931117400000000020e-30
7.943280000000000000e+11 3.957031799999999791e-30
8.317640000000000000e+11 3.982646399999999735e-30
8.709640000000000000e+11 4.007781399999999523e-30
9.120110000000000000e+11 4.032647000000000002e-30
9.549930000000000000e+11 4.057062999999999500e-30
1.000000000000000000e+12 4.057062999999999500e-30
