1.000000000000000000e+02 3.669219999999999265e-35
1.047129999999999939e+02 3.847548200000000289e-35
1.096479999999999961e+02 4.033468799999999673e-35
1.148149999999999977e+02 4.228744800000000406e-35
1.202259999999999991e+02 4.432564000000000030e-35
1.258930000000000007e+02 4.645516999999999739e-35
1.318259999999999934e+02 4.868368200000000628e-35
1.380380000000000109e+02 5.101897400000000017e-35
1.445440000000000111e+02 5.345219600000000281e-35
1.513559999999999945e+02 5.600471199999999290e-35
1.584890000000000043e+02 5.866791999999999722e-35
1.659590000000000032e+02 6.145443399999999774e-35
1.737800000000000011e+02 6.437814200000000407e-35
1.819699999999999989e+02 6.740804600000000478e-35
1.905459999999999923e+02 7.060526199999999573e-35
1.995260000000000105e+02 7.392700399999999574e-35
2.089300000000000068e+02 7.740498800000000947e-35
2.187760000000000105e+02 8.105260999999999603e-35
2.290869999999999891e+02 8.485765999999999670e-35
2.398830000000000098e+02 8.882789999999998370e-35
2.511889999999999930e+02 9.298340000000000195e-35
2.630269999999999868e+02 9.731747999999998418e-35
2.754230000000000018e+02 1.018681999999999934e-34
2.884030000000000200e+02 1.066117000000000059e-34
3.019950000000000045e+02 1.115667999999999968e-34
3.162280000000000086e+02 1.167574399999999991e-34
3.311309999999999718e+02 1.221538200000000074e-34
3.467370000000000232e+02 1.278263599999999800e-34
3.630779999999999745e+02 1.337138000000000134e-34
3.801890000000000214e+02 1.398957799999999996e-34
3.981070000000000277e+02 1.463487200000000113e-34
4.168690000000000282e+02 1.530711399999999841e-34
4.365160000000000196e+02 1.601308600000000033e-34
4.570880000000000223e+02 1.674608600000000335e-34
4.786299999999999955e+02 1.751495400000000179e-34
5.011870000000000118e+02 1.831676199999999898e-34
5.248070000000000164e+02 1.915426999999999994e-34
5.495410000000000537e+02 2.002593599999999732e-34
5.754400000000000546e+02 2.093869599999999821e-34
6.025599999999999454e+02 2.189157800000000134e-34
6.309569999999999936e+02 2.288189199999999909e-34
6.606929999999999836e+02 2.392121400000000084e-34
6.918310000000000173e+02 2.500531399999999615e-34
7.244360000000000355e+02 2.613778399999999863e-34
7.585779999999999745e+02 2.731425999999999942e-34
7.943279999999999745e+02 2.854023600000000128e-34
8.317640000000000100e+02 2.982238400000000213e-34
8.709640000000000555e+02 3.116025000000000075e-34
9.120109999999999673e+02 3.255821399999999930e-34
9.549930000000000518e+02 3.400825199999999738e-34
1.000000000000000000e+03 3.552787800000000290e-34
1.047130000000000109e+03 3.710661800000000142e-34
1.096480000000000018e+03 3.875441199999999690e-34
1.148150000000000091e+03 4.046758800000000071e-34
1.202259999999999991e+03 4.226080199999999370e-34
1.258930000000000064e+03 4.412304200000000181e-34
1.318259999999999991e+03 4.606247600000000361e-34
1.380380000000000109e+03 4.808088800000000024e-34
1.445440000000000055e+03 5.018448799999999177e-34
1.513559999999999945e+03 5.236864600000000699e-34
1.584890000000000100e+03 5.465455999999999254e-34
1.659589999999999918e+03 5.702736200000000718e-34
1.737799999999999955e+03 5.949704800000000150e-34
1.819700000000000045e+03 6.206455799999999873e-34
1.905460000000000036e+03 6.473441199999999156e-34
1.995259999999999991e+03 6.751053199999998902e-34
2.089300000000000182e+03 7.040185599999999891e-34
2.187760000000000218e+03 7.339199400000000651e-34
2.290869999999999891e+03 7.650472400000000039e-34
2.398829999999999927e+03 7.973803999999999649e-34
2.511889999999999873e+03 8.310452000000000466e-34
2.630269999999999982e+03 8.659094000000000018e-34
2.754230000000000018e+03 9.021435999999998974e-34
2.884030000000000200e+03 9.397437999999999550e-34
3.019949999999999818e+03 9.787527999999999947e-34
3.162280000000000200e+03 1.019070199999999861e-33
3.311309999999999945e+03 1.061048999999999856e-33
3.467369999999999891e+03 1.104387399999999786e-33
3.630780000000000200e+03 1.149378399999999852e-33
3.801889999999999873e+03 1.196021199999999962e-33
3.981070000000000164e+03 1.244421399999999848e-33
4.168689999999999600e+03 1.294465799999999753e-33
4.365159999999999854e+03 1.346166799999999916e-33
4.570880000000000109e+03 1.399698999999999840e-33
4.786300000000000182e+03 1.455265400000000091e-33
5.011869999999999891e+03 1.512673799999999983e-33
5.248069999999999709e+03 1.571967399999999726e-33
5.495409999999999854e+03 1.633071400000000074e-33
5.754399999999999636e+03 1.696425199999999693e-33
6.025600000000000364e+03 1.761977799999999866e-33
6.309569999999999709e+03 1.829470000000000026e-33
6.606930000000000291e+03 1.898985599999999948e-33
6.918310000000000400e+03 1.971188399999999799e-33
7.244359999999999673e+03 2.045016400000000209e-33
7.585779999999999745e+03 2.121632999999999965e-33
7.943279999999999745e+03 2.200470799999999788e-33
8.317639999999999418e+03 2.281935400000000422e-33
8.709639999999999418e+03 2.365629599999999700e-33
9.120110000000000582e+03 2.452272399999999731e-33
9.549930000000000291e+03 2.540904999999999740e-33
1.000000000000000000e+04 2.632788799999999934e-33
1.047129999999999927e+04 2.726929600000000231e-33
1.096479999999999927e+04 2.823519000000000221e-33
1.148150000000000000e+04 2.923646600000000074e-33
1.202260000000000036e+04 3.026319399999999849e-33
1.258929999999999927e+04 3.131583000000000032e-33
1.318260000000000036e+04 3.240071400000000081e-33
1.380379999999999927e+04 3.351408199999999895e-33
1.445439999999999964e+04 3.465739199999999579e-33
1.513560000000000036e+04 3.583474400000000044e-33
1.584889999999999964e+04 3.703899999999999782e-33
1.659590000000000146e+04 3.828250799999999342e-33
1.737800000000000000e+04 3.955471800000000163e-33
1.819700000000000000e+04 4.085509599999999830e-33
1.905459999999999854e+04 4.219572199999999894e-33
1.995259999999999854e+04 4.356792599999999599e-33
2.089300000000000000e+04 4.497843399999999790e-33
2.187759999999999854e+04 4.642253800000000048e-33
2.290870000000000073e+04 4.790272199999999692e-33
2.398829999999999927e+04 4.942235799999999419e-33
2.511890000000000146e+04 5.097264000000000320e-33
2.630270000000000073e+04 5.256734399999998937e-33
2.754229999999999927e+04 5.419866399999999721e-33
2.884029999999999927e+04 5.586674399999999547e-33
3.019950000000000000e+04 5.757032800000000305e-33
3.162279999999999927e+04 5.931801199999999502e-33
3.311309999999999854e+04 6.111066799999999016e-33
3.467369999999999709e+04 6.294502399999999991e-33
3.630780000000000291e+04 6.482045199999999950e-33
3.801890000000000146e+04 6.674171799999998956e-33
3.981069999999999709e+04 6.869873399999999346e-33
4.168690000000000146e+04 7.070929999999999062e-33
4.365159999999999854e+04 7.276159999999999605e-33
4.570880000000000291e+04 7.486221999999999517e-33
4.786300000000000000e+04 7.701018000000000459e-33
5.011869999999999709e+04 7.919856000000000368e-33
5.248069999999999709e+04 8.144316000000000047e-33
5.495409999999999854e+04 8.374104000000000376e-33
5.754400000000000000e+04 8.607771999999999402e-33
6.025600000000000000e+04 8.848199999999999178e-33
6.309569999999999709e+04 9.091919999999999412e-33
6.606930000000000291e+04 9.341721999999999267e-33
6.918310000000000582e+04 9.597718000000000757e-33
7.244360000000000582e+04 9.859177999999999472e-33
7.585780000000000291e+04 1.012616999999999918e-32
7.943280000000000291e+04 1.039871399999999808e-32
8.317639999999999418e+04 1.067738399999999896e-32
8.709639999999999418e+04 1.096248800000000050e-32
9.120110000000000582e+04 1.125249199999999970e-32
9.549930000000000291e+04 1.154824399999999888e-32
1.000000000000000000e+05 1.185092999999999910e-32
1.047130000000000000e+05 1.216027399999999853e-32
1.096480000000000000e+05 1.247568399999999983e-32
1.148150000000000000e+05 1.279743800000000029e-32
1.202260000000000000e+05 1.312741999999999891e-32
1.258930000000000000e+05 1.346226599999999924e-32
1.318260000000000000e+05 1.380730600000000010e-32
1.380380000000000000e+05 1.415667399999999813e-32
1.445440000000000000e+05 1.451493799999999635e-32
1.513560000000000000e+05 1.487855799999999708e-32
1.584890000000000000e+05 1.525232399999999828e-32
1.659590000000000000e+05 1.563086399999999828e-32
1.737800000000000000e+05 1.601925799999999643e-32
1.819700000000000000e+05 1.641523599999999898e-32
1.905460000000000000e+05 1.681933399999999952e-32
1.995260000000000000e+05 1.723213400000000176e-32
2.089300000000000000e+05 1.765301799999999920e-32
2.187760000000000000e+05 1.808424399999999924e-32
2.290870000000000000e+05 1.852332200000000048e-32
2.398830000000000000e+05 1.897095599999999952e-32
2.511890000000000000e+05 1.942792999999999950e-32
2.630270000000000000e+05 1.989398200000000089e-32
2.754230000000000000e+05 2.036853399999999908e-32
2.884030000000000000e+05 2.085392399999999705e-32
3.019950000000000000e+05 2.135000200000000002e-32
3.162280000000000000e+05 2.185505599999999876e-32
3.311310000000000000e+05 2.237128199999999966e-32
3.467370000000000000e+05 2.289424999999999991e-32
3.630780000000000000e+05 2.343290999999999979e-32
3.801890000000000000e+05 2.398006200000000103e-32
3.981070000000000000e+05 2.453675200000000079e-32
4.168690000000000000e+05 2.510796599999999369e-32
4.365160000000000000e+05 2.568793200000000023e-32
4.570880000000000000e+05 2.628125400000000161e-32
4.786300000000000000e+05 2.688534799999999719e-32
5.011870000000000000e+05 2.750224999999999946e-32
5.248070000000000000e+05 2.813144799999999847e-32
5.495410000000000000e+05 2.876787200000000219e-32
5.754400000000000000e+05 2.942443400000000474e-32
6.025600000000000000e+05 3.009207199999999833e-32
6.309570000000000000e+05 3.077255799999999504e-32
6.606930000000000000e+05 3.146397799999999717e-32
6.918310000000000000e+05 3.217363200000000225e-32
7.244360000000000000e+05 3.289466999999999706e-32
7.585780000000000000e+05 3.362889999999999922e-32
7.943280000000000000e+05 3.437596599999999352e-32
8.317640000000000000e+05 3.514139599999999830e-32
8.709640000000000000e+05 3.592197400000000272e-32
9.120110000000000000e+05 3.671425599999999559e-32
9.549930000000000000e+05 3.752402999999999930e-32
1.000000000000000000e+06 3.835292200000000013e-32
1.047130000000000000e+06 3.919272599999999356e-32
1.096480000000000000e+06 4.005190199999999914e-32
1.148150000000000000e+06 4.092613200000000239e-32
1.202260000000000000e+06 4.181613399999999537e-32
1.258930000000000000e+06 4.272429599999999300e-32
1.318260000000000000e+06 4.365418799999999576e-32
1.380380000000000000e+06 4.459283599999999482e-32
1.445440000000000000e+06 4.555198799999999880e-32
1.513560000000000000e+06 4.653203799999999373e-32
1.584890000000000000e+06 4.753342199999999860e-32
1.659590000000000000e+06 4.855227999999999785e-32
1.737800000000000000e+06 4.958901199999998852e-32
1.819700000000000000e+06 5.064181199999999495e-32
1.905460000000000000e+06 5.171780800000000712e-32
1.995260000000000000e+06 5.281331800000000065e-32
2.089300000000000000e+06 5.393079399999999787e-32
2.187760000000000000e+06 5.506793399999999859e-32
2.290870000000000000e+06 5.622305999999999273e-32
2.398830000000000000e+06 5.740464999999999439e-32
2.511890000000000000e+06 5.860628199999998923e-32
2.630270000000000000e+06 5.982837999999999621e-32
2.754230000000000000e+06 6.108114000000000310e-32
2.884030000000000000e+06 6.234647999999999441e-32
3.019950000000000000e+06 6.363974000000000296e-32
3.162280000000000000e+06 6.495929999999999320e-32
3.311310000000000000e+06 6.629891999999999856e-32
3.467370000000000000e+06 6.766897999999999251e-32
3.630780000000000000e+06 6.905627999999999687e-32
3.801890000000000000e+06 7.046757999999999736e-32
3.981070000000000000e+06 7.191491999999999939e-32
4.168690000000000000e+06 7.337867999999999224e-32
4.365160000000000000e+06 7.487767999999999260e-32
4.570880000000000000e+06 7.640337999999999357e-32
4.786300000000000000e+06 7.794799999999999681e-32
5.011870000000000000e+06 7.952384000000000087e-32
5.248070000000000000e+06 8.112241999999999897e-32
5.495410000000000000e+06 8.276505999999999735e-32
5.754400000000000000e+06 8.441945999999999339e-32
6.025600000000000000e+06 8.610575999999999503e-32
6.309570000000000000e+06 8.783186000000000083e-32
6.606930000000000000e+06 8.958504000000000057e-32
6.918310000000000000e+06 9.136621999999999944e-32
7.244360000000000000e+06 9.318467999999999826e-32
7.585780000000000000e+06 9.502675999999999987e-32
7.943280000000000000e+06 9.691381999999999600e-32
8.317640000000000000e+06 9.881745999999999050e-32
8.709640000000000000e+06 1.007613599999999972e-31
9.120110000000000000e+06 1.027401199999999962e-31
9.549930000000000000e+06 1.047586799999999884e-31
1.000000000000000000e+07 1.067972599999999993e-31
1.047130000000000000e+07 1.088891799999999894e-31
1.096480000000000000e+07 1.110036599999999952e-31
1.148150000000000000e+07 1.131560599999999983e-31
1.202260000000000000e+07 1.153453599999999971e-31
1.258930000000000000e+07 1.175837600000000046e-31
1.318260000000000000e+07 1.198504600000000007e-31
1.380380000000000000e+07 1.221589200000000006e-31
1.445440000000000000e+07 1.245092399999999898e-31
1.513560000000000000e+07 1.268916200000000032e-31
1.584890000000000000e+07 1.293094599999999879e-31
1.659590000000000000e+07 1.317820399999999907e-31
1.737800000000000000e+07 1.342979999999999999e-31
1.819700000000000000e+07 1.368446600000000018e-31
1.905460000000000000e+07 1.394402000000000047e-31
1.995260000000000000e+07 1.420763999999999950e-31
2.089300000000000000e+07 1.447594599999999974e-31
2.187760000000000000e+07 1.474749199999999881e-31
2.290870000000000000e+07 1.502482400000000020e-31
2.398830000000000000e+07 1.530720400000000050e-31
2.511890000000000000e+07 1.559359799999999871e-31
2.630270000000000000e+07 1.588534799999999999e-31
2.754230000000000000e+07 1.618064799999999915e-31
2.884030000000000000e+07 1.648136800000000002e-31
3.019950000000000000e+07 1.678651599999999950e-31
3.162280000000000000e+07 1.709850200000000013e-31
3.311310000000000000e+07 1.741326200000000027e-31
3.467370000000000000e+07 1.773492799999999875e-31
3.630780000000000000e+07 1.806076999999999980e-31
3.801890000000000000e+07 1.839267199999999997e-31
3.981070000000000000e+07 1.873024799999999937e-31
4.168690000000000000e+07 1.907166199999999931e-31
4.365160000000000000e+07 1.942010799999999999e-31
4.570880000000000000e+07 1.977437999999999723e-31
4.786300000000000000e+07 2.013367799999999918e-31
5.011870000000000000e+07 2.049868399999999894e-31
5.248070000000000000e+07 2.086962399999999981e-31
5.495410000000000000e+07 2.124738200000000034e-31
5.754400000000000000e+07 2.162944599999999781e-31
6.025600000000000000e+07 2.201863600000000130e-31
6.309570000000000000e+07 2.241475200000000024e-31
6.606930000000000000e+07 2.281549200000000104e-31
6.918310000000000000e+07 2.322348799999999784e-31
7.244360000000000000e+07 2.363858799999999771e-31
7.585780000000000000e+07 2.405946199999999987e-31
7.943280000000000000e+07 2.448734599999999764e-31
8.317640000000000000e+07 2.492236599999999997e-31
8.709640000000000000e+07 2.536333799999999907e-31
9.120110000000000000e+07 2.580947599999999800e-31
9.549930000000000000e+07 2.626391399999999905e-31
1.000000000000000000e+08 2.672726000000000032e-31
1.047130000000000000e+08 2.719647999999999822e-31
1.096480000000000000e+08 2.767457599999999921e-31
1.148150000000000000e+08 2.815739999999999930e-31
1.202260000000000000e+08 2.865017799999999842e-31
1.258930000000000000e+08 2.915007399999999771e-31
1.318260000000000000e+08 2.965560999999999761e-31
1.380380000000000000e+08 3.016992799999999753e-31
1.445440000000000000e+08 3.069276399999999701e-31
1.513560000000000000e+08 3.122418199999999908e-31
1.584890000000000000e+08 3.176227599999999766e-31
1.659590000000000000e+08 3.231050399999999996e-31
1.737800000000000000e+08 3.286621800000000011e-31
1.819700000000000000e+08 3.343093999999999918e-31
1.905460000000000000e+08 3.400398199999999749e-31
1.995260000000000000e+08 3.458355000000000081e-31
2.089300000000000000e+08 3.517360999999999823e-31
2.187760000000000000e+08 3.577393599999999958e-31
2.290870000000000000e+08 3.638308399999999954e-31
2.398830000000000000e+08 3.699848999999999678e-31
2.511890000000000000e+08 3.762603999999999669e-31
2.630270000000000000e+08 3.826278199999999875e-31
2.754230000000000000e+08 3.890898200000000049e-31
2.884030000000000000e+08 3.956293799999999614e-31
3.019950000000000000e+08 4.022772799999999960e-31
3.162280000000000000e+08 4.090200000000000276e-31
3.311310000000000000e+08 4.158691799999999882e-31
3.467370000000000000e+08 4.228459600000000150e-31
3.630780000000000000e+08 4.298835799999999678e-31
3.801890000000000000e+08 4.370511999999999908e-31
3.981070000000000000e+08 4.443308800000000104e-31
4.168690000000000000e+08 4.516890599999999999e-31
4.365160000000000000e+08 4.591785000000000180e-31
4.570880000000000000e+08 4.667682599999999402e-31
4.786300000000000000e+08 4.744731600000000101e-31
5.011870000000000000e+08 4.823063599999999576e-31
5.248070000000000000e+08 4.902517600000000041e-31
5.495410000000000000e+08 4.982936999999999922e-31
5.754400000000000000e+08 5.064571599999999780e-31
6.025600000000000000e+08 5.147582400000000029e-31
6.309570000000000000e+08 5.231668000000000022e-31
6.606930000000000000e+08 5.316921999999999914e-31
6.918310000000000000e+08 5.403490199999999510e-31
7.244360000000000000e+08 5.491256599999999785e-31
7.585780000000000000e+08 5.580344599999999923e-31
7.943280000000000000e+08 5.670643999999999885e-31
8.317640000000000000e+08 5.762402000000000084e-31
8.709640000000000000e+08 5.855645999999999542e-31
9.120110000000000000e+08 5.949687999999999452e-31
9.549930000000000000e+08 6.045227999999999517e-31
1.000000000000000000e+09 6.142339999999999569e-31
1.047130000000000000e+09 6.240615999999999804e-31
1.096480000000000000e+09 6.340763999999999650e-31
1.148150000000000000e+09 6.441439999999999498e-31
1.202260000000000000e+09 6.544475999999999476e-31
1.258930000000000000e+09 6.648901999999999429e-31
1.318260000000000000e+09 6.754259999999999764e-31
1.380380000000000000e+09 6.861631999999999362e-31
1.445440000000000000e+09 6.970453999999999911e-31
1.513560000000000000e+09 7.080011999999999349e-31
1.584890000000000000e+09 7.192153999999999872e-31
1.659590000000000000e+09 7.305579999999999903e-31
1.737800000000000000e+09 7.420638000000000021e-31
1.819700000000000000e+09 7.536871999999999467e-31
1.905460000000000000e+09 7.655325999999999977e-31
1.995260000000000000e+09 7.775306000000000106e-31
2.089300000000000000e+09 7.896563999999999732e-31
2.187760000000000000e+09 8.019979999999998860e-31
2.290870000000000000e+09 8.144376000000000202e-31
2.398830000000000000e+09 8.271107999999999005e-31
2.511890000000000000e+09 8.399146000000000272e-31
2.630270000000000000e+09 8.529319999999999837e-31
2.754230000000000000e+09 8.660740000000000014e-31
2.884030000000000000e+09 8.794953999999999874e-31
3.019950000000000000e+09 8.930407999999999461e-31
3.162280000000000000e+09 9.067659999999998826e-31
3.311310000000000000e+09 9.207108000000000092e-31
3.467370000000000000e+09 9.348509999999999644e-31
3.630780000000000000e+09 9.491631999999999721e-31
3.801890000000000000e+09 9.636403999999999915e-31
3.981070000000000000e+09 9.783593999999999750e-31
4.168690000000000000e+09 9.932191999999999592e-31
4.365160000000000000e+09 1.008340799999999999e-30
4.570880000000000000e+09 1.023683599999999998e-30
4.786300000000000000e+09 1.039122000000000040e-30
5.011870000000000000e+09 1.054878599999999880e-30
5.248070000000000000e+09 1.070799599999999994e-30
5.495410000000000000e+09 1.086947399999999960e-30
5.754400000000000000e+09 1.103257399999999991e-30
6.025600000000000000e+09 1.119854000000000002e-30
6.309570000000000000e+09 1.136652000000000028e-30
6.606930000000000000e+09 1.153633999999999950e-30
6.918310000000000000e+09 1.170850199999999882e-30
7.244360000000000000e+09 1.188262199999999936e-30
7.585780000000000000e+09 1.205975799999999907e-30
7.943280000000000000e+09 1.223890199999999979e-30
8.317640000000000000e+09 1.241980399999999905e-30
8.709640000000000000e+09 1.260310999999999997e-30
9.120110000000000000e+09 1.278906600000000034e-30
9.549930000000000000e+09 1.297763999999999952e-30
1.000000000000000000e+10 1.316846999999999894e-30
1.047130000000000000e+10 1.336139199999999950e-30
1.096480000000000000e+10 1.355723999999999997e-30
1.148150000000000000e+10 1.375470999999999934e-30
1.202260000000000000e+10 1.395542200000000031e-30
1.258930000000000000e+10 1.415788799999999865e-30
1.318260000000000000e+10 1.436359599999999858e-30
1.380380000000000000e+10 1.457101799999999991e-30
1.445440000000000000e+10 1.478150999999999962e-30
1.513560000000000000e+10 1.499488199999999887e-30
1.584890000000000000e+10 1.520967799999999932e-30
1.659590000000000000e+10 1.542798799999999890e-30
1.737800000000000000e+10 1.564877400000000026e-30
1.819700000000000000e+10 1.587164799999999808e-30
1.905460000000000000e+10 1.609818599999999967e-30
1.995260000000000000e+10 1.632619399999999932e-30
2.089300000000000000e+10 1.655706799999999877e-30
2.187760000000000000e+10 1.679092399999999880e-30
2.290870000000000000e+10 1.702672199999999885e-30
2.398830000000000000e+10 1.726547599999999973e-30
2.511890000000000000e+10 1.750717799999999909e-30
2.630270000000000000e+10 1.775053800000000091e-30
2.754230000000000000e+10 1.799731599999999996e-30
2.884030000000000000e+10 1.824678599999999939e-30
3.019950000000000000e+10 1.849926199999999944e-30
3.162280000000000000e+10 1.875381399999999769e-30
3.311310000000000000e+10 1.901057799999999903e-30
3.467370000000000000e+10 1.927000800000000101e-30
3.630780000000000000e+10 1.953276599999999919e-30
3.801890000000000000e+10 1.979809800000000076e-30
3.981070000000000000e+10 2.006569800000000086e-30
4.168690000000000000e+10 2.033456600000000014e-30
4.365160000000000000e+10 2.060737399999999839e-30
4.570880000000000000e+10 2.088274199999999856e-30
4.786300000000000000e+10 2.115956399999999910e-30
5.011870000000000000e+10 2.143932599999999928e-30
5.248070000000000000e+10 2.172146999999999903e-30
5.495410000000000000e+10 2.200554600000000025e-30
5.754400000000000000e+10 2.229230599999999951e-30
6.025600000000000000e+10 2.258153999999999909e-30
6.309570000000000000e+10 2.287259799999999820e-30
6.606930000000000000e+10 2.316627599999999758e-30
6.918310000000000000e+10 2.346094399999999773e-30
7.244360000000000000e+10 2.375890999999999840e-30
7.585780000000000000e+10 2.405866600000000001e-30
7.943280000000000000e+10 2.436027199999999739e-30
8.317640000000000000e+10 2.466360599999999765e-30
8.709640000000000000e+10 2.496773799999999835e-30
9.120110000000000000e+10 2.527492399999999976e-30
9.549930000000000000e+10 2.558304799999999893e-30
1.000000000000000000e+11 2.589271999999999893e-30
1.047130000000000000e+11 2.620391399999999999e-30
1.096480000000000000e+11 2.651684999999999841e-30
1.148150000000000000e+11 2.683011599999999825e-30
1.202260000000000000e+11 2.714526200000000005e-30
1.258930000000000000e+11 2.746185799999999929e-30
1.318260000000000000e+11 2.777849999999999891e-30
1.380380000000000000e+11 2.809694199999999802e-30
1.445440000000000000e+11 2.841656399999999850e-30
1.513560000000000000e+11 2.873511599999999925e-30
1.584890000000000000e+11 2.905482799999999725e-30
1.659590000000000000e+11 2.937531599999999889e-30
1.737800000000000000e+11 2.969529199999999733e-30
1.819700000000000000e+11 3.001599799999999903e-30
1.905460000000000000e+11 3.033650599999999778e-30
1.995260000000000000e+11 3.065727599999999725e-30
2.089300000000000000e+11 3.097698799999999876e-30
2.187760000000000000e+11 3.129734999999999756e-30
2.290870000000000000e+11 3.161674599999999562e-30
2.398830000000000000e+11 3.193531000000000165e-30
2.511890000000000000e+11 3.225290799999999643e-30
2.630270000000000000e+11 3.256982599999999826e-30
2.754230000000000000e+11 3.288619399999999888e-30
2.884030000000000000e+11 3.320007400000000120e-30
3.019950000000000000e+11 3.351398800000000211e-30
3.162280000000000000e+11 3.382493999999999957e-30
3.311310000000000000e+11 3.413562000000000124e-30
3.467370000000000000e+11 3.444410399999999750e-30
3.630780000000000000e+11 3.475117600000000135e-30
3.801890000000000000e+11 3.505578799999999585e-30
3.981070000000000000e+11 3.535846799999999589e-30
4.168690000000000000e+11 3.565884399999999911e-30
4.365160000000000000e+11 3.595711199999999824e-30
4.570880000000000000e+11 3.625267399999999900e-30
4.786300000000000000e+11 3.654606600000000112e-30
5.011870000000000000e+11 3.683644000000000084e-30
5.248070000000000000e+11 3.712455399999999739e-30
5.495410000000000000e+11 3.740860399999999886e-30
5.754400000000000000e+11 3.769101799999999819e-30
6.025600000000000000e+11 3.796948999999999534e-30
6.309570000000000000e+11 3.824538799999999610e-30
6.606930000000000000e+11 3.851782399999999548e-30
6.918310000000000000e+11 3.878682000000000082e-30
7.244360000000000000e+11 3.905289799999999634e-30
7.585780000000000000e+11 3.931540599999999906e-30
7.943280000000000000e+11 3.957484199999999667e-30
8.317640000000000000e+11 3.983074799999999571e-30
8.709640000000000000e+11 4.008232399999999952e-30
9.120110000000000000e+11 4.033068399999999798e-30
9.549930000000000000e+11 4.057517799999999731e-30
1.000000000000000000e+12 4.057517799999999731e-30
