1.000000000000000000e+02 1.791820800000000019e-35
1.047129999999999939e+02 1.878991799999999839e-35
1.096479999999999961e+02 1.969889599999999843e-35
1.148149999999999977e+02 2.065369599999999895e-35
1.202259999999999991e+02 2.165015999999999624e-35
1.258930000000000007e+02 2.269126999999999746e-35
1.318259999999999934e+02 2.378119799999999782e-35
1.380380000000000109e+02 2.492306599999999930e-35
1.445440000000000111e+02 2.611288399999999999e-35
1.513559999999999945e+02 2.736120799999999388e-35
1.584890000000000043e+02 2.866360000000000098e-35
1.659590000000000032e+02 3.002648599999999716e-35
1.737800000000000011e+02 3.145641799999999640e-35
1.819699999999999989e+02 3.293851399999999917e-35
1.905459999999999923e+02 3.450253799999999918e-35
1.995260000000000105e+02 3.612747599999999411e-35
2.089300000000000068e+02 3.782881199999999861e-35
2.187760000000000105e+02 3.961307000000000097e-35
2.290869999999999891e+02 4.147458000000000266e-35
2.398830000000000098e+02 4.341721999999999372e-35
2.511889999999999930e+02 4.545043999999999843e-35
2.630269999999999868e+02 4.757115999999999719e-35
2.754230000000000018e+02 4.979799999999999545e-35
2.884030000000000200e+02 5.211905999999999552e-35
3.019950000000000045e+02 5.454427999999999817e-35
3.162280000000000086e+02 5.708416000000001018e-35
3.311309999999999718e+02 5.972553999999999497e-35
3.467370000000000232e+02 6.250159999999999618e-35
3.630779999999999745e+02 6.538336000000000710e-35
3.801890000000000214e+02 6.840918000000000784e-35
3.981070000000000277e+02 7.156800000000000168e-35
4.168690000000000282e+02 7.485925999999998797e-35
4.365160000000000196e+02 7.831473999999999803e-35
4.570880000000000223e+02 8.190433999999999179e-35
4.786299999999999955e+02 8.566837999999999440e-35
5.011870000000000118e+02 8.959453999999999162e-35
5.248070000000000164e+02 9.369542000000000871e-35
5.495410000000000537e+02 9.796444000000000063e-35
5.754400000000000546e+02 1.024346399999999948e-34
6.025599999999999454e+02 1.071009799999999962e-34
6.309569999999999936e+02 1.119518399999999859e-34
6.606929999999999836e+02 1.170418199999999950e-34
6.918310000000000173e+02 1.223525800000000183e-34
7.244360000000000355e+02 1.279000799999999780e-34
7.585779999999999745e+02 1.336638799999999894e-34
7.943279999999999745e+02 1.396695999999999807e-34
8.317640000000000100e+02 1.459525199999999924e-34
8.709640000000000555e+02 1.525080199999999820e-34
9.120109999999999673e+02 1.593584999999999964e-34
9.549930000000000518e+02 1.664644800000000011e-34
1.000000000000000000e+03 1.739134600000000059e-34
1.047130000000000109e+03 1.816501399999999845e-34
1.096480000000000018e+03 1.897274399999999873e-34
1.148150000000000091e+03 1.981260399999999813e-34
1.202259999999999991e+03 2.069167799999999734e-34
1.258930000000000064e+03 2.160478600000000001e-34
1.318259999999999991e+03 2.255576399999999666e-34
1.380380000000000109e+03 2.354559199999999805e-34
1.445440000000000055e+03 2.457711199999999943e-34
1.513559999999999945e+03 2.564843400000000023e-34
1.584890000000000100e+03 2.676967999999999557e-34
1.659589999999999918e+03 2.793359800000000165e-34
1.737799999999999955e+03 2.914531199999999552e-34
1.819700000000000045e+03 3.040496199999999767e-34
1.905460000000000036e+03 3.171506799999999603e-34
1.995259999999999991e+03 3.307726799999999623e-34
2.089300000000000182e+03 3.449622399999999457e-34
2.187760000000000218e+03 3.596416599999999437e-34
2.290869999999999891e+03 3.749191599999999476e-34
2.398829999999999927e+03 3.907931999999999930e-34
2.511889999999999873e+03 4.073216000000000129e-34
2.630269999999999982e+03 4.244393999999999753e-34
2.754230000000000018e+03 4.422347999999999070e-34
2.884030000000000200e+03 4.607022000000000155e-34
3.019949999999999818e+03 4.798612000000000025e-34
3.162280000000000200e+03 4.996698000000000548e-34
3.311309999999999945e+03 5.202946000000000332e-34
3.467369999999999891e+03 5.415941999999999991e-34
3.630780000000000200e+03 5.637043999999999275e-34
3.801889999999999873e+03 5.866307999999999530e-34
3.981070000000000164e+03 6.104237999999999201e-34
4.168689999999999600e+03 6.350274000000000207e-34
4.365159999999999854e+03 6.604499999999999437e-34
4.570880000000000109e+03 6.867797999999999726e-34
4.786300000000000182e+03 7.141049999999999635e-34
5.011869999999999891e+03 7.423430000000000239e-34
5.248069999999999709e+03 7.715161999999999234e-34
5.495409999999999854e+03 8.015854000000000013e-34
5.754399999999999636e+03 8.327619999999999138e-34
6.025600000000000364e+03 8.650249999999999680e-34
6.309569999999999709e+03 8.982511999999999361e-34
6.606930000000000291e+03 9.324839999999998790e-34
6.918310000000000400e+03 9.680328000000000148e-34
7.244359999999999673e+03 1.004393600000000189e-33
7.585779999999999745e+03 1.042144599999999905e-33
7.943279999999999745e+03 1.080984799999999744e-33
8.317639999999999418e+03 1.121129800000000019e-33
8.709639999999999418e+03 1.162377999999999814e-33
9.120110000000000582e+03 1.205091999999999857e-33
9.549930000000000291e+03 1.248795799999999812e-33
1.000000000000000000e+04 1.294101199999999820e-33
1.047129999999999927e+04 1.340533599999999877e-33
1.096479999999999927e+04 1.388188200000000050e-33
1.148150000000000000e+04 1.437577399999999927e-33
1.202260000000000036e+04 1.488243399999999908e-33
1.258929999999999927e+04 1.540200199999999904e-33
1.318260000000000036e+04 1.593755799999999969e-33
1.380379999999999927e+04 1.648733800000000051e-33
1.445439999999999964e+04 1.705197199999999569e-33
1.513560000000000036e+04 1.763339199999999667e-33
1.584889999999999964e+04 1.822833599999999892e-33
1.659590000000000146e+04 1.884276799999999800e-33
1.737800000000000000e+04 1.947149399999999850e-33
1.819700000000000000e+04 2.011427600000000026e-33
1.905459999999999854e+04 2.077696599999999611e-33
1.995259999999999854e+04 2.145551799999999691e-33
2.089300000000000000e+04 2.215319400000000031e-33
2.187759999999999854e+04 2.286761400000000123e-33
2.290870000000000073e+04 2.360003799999999833e-33
2.398829999999999927e+04 2.435192199999999928e-33
2.511890000000000146e+04 2.511935999999999690e-33
2.630270000000000073e+04 2.590873599999999771e-33
2.754229999999999927e+04 2.671653599999999882e-33
2.884029999999999927e+04 2.754253599999999826e-33
3.019950000000000000e+04 2.838651199999999750e-33
3.162279999999999927e+04 2.925246799999999793e-33
3.311309999999999854e+04 3.014057199999999505e-33
3.467369999999999709e+04 3.104981600000000224e-33
3.630780000000000291e+04 3.197938800000000081e-33
3.801890000000000146e+04 3.293196199999999567e-33
3.981069999999999709e+04 3.390238599999999968e-33
4.168690000000000146e+04 3.489961999999999582e-33
4.365159999999999854e+04 3.591755999999999629e-33
4.570880000000000291e+04 3.695986000000000306e-33
4.786300000000000000e+04 3.802581999999999671e-33
5.011869999999999709e+04 3.911180000000000085e-33
5.248069999999999709e+04 4.022591999999999705e-33
5.495409999999999854e+04 4.136692000000000373e-33
5.754400000000000000e+04 4.252724000000000149e-33
6.025600000000000000e+04 4.372143999999999173e-33
6.309569999999999709e+04 4.493187999999999985e-33
6.606930000000000291e+04 4.617298000000000423e-33
6.918310000000000582e+04 4.744501999999999619e-33
7.244360000000000582e+04 4.874449999999999501e-33
7.585780000000000291e+04 5.007142000000000069e-33
7.943280000000000291e+04 5.142662000000000778e-33
8.317639999999999418e+04 5.281192000000000791e-33
8.709639999999999418e+04 5.422955999999999339e-33
9.120110000000000582e+04 5.567183999999999705e-33
9.549930000000000291e+04 5.714296000000000532e-33
1.000000000000000000e+05 5.864893999999998947e-33
1.047130000000000000e+05 6.018809999999999457e-33
1.096480000000000000e+05 6.175763999999999774e-33
1.148150000000000000e+05 6.335909999999999242e-33
1.202260000000000000e+05 6.500143999999998208e-33
1.258930000000000000e+05 6.666813999999998489e-33
1.318260000000000000e+05 6.838593999999998145e-33
1.380380000000000000e+05 7.012586000000000567e-33
1.445440000000000000e+05 7.190973999999999808e-33
1.513560000000000000e+05 7.372077999999999916e-33
1.584890000000000000e+05 7.558236000000001130e-33
1.659590000000000000e+05 7.746815999999999986e-33
1.737800000000000000e+05 7.940310000000000171e-33
1.819700000000000000e+05 8.137611999999998934e-33
1.905460000000000000e+05 8.339029999999999068e-33
1.995260000000000000e+05 8.544717999999999917e-33
2.089300000000000000e+05 8.754494000000001634e-33
2.187760000000000000e+05 8.969463999999998760e-33
2.290870000000000000e+05 9.188353999999999212e-33
2.398830000000000000e+05 9.411556000000000448e-33
2.511890000000000000e+05 9.639377999999998420e-33
2.630270000000000000e+05 9.871805999999997664e-33
2.754230000000000000e+05 1.010843399999999842e-32
2.884030000000000000e+05 1.035050800000000048e-32
3.019950000000000000e+05 1.059795799999999779e-32
3.162280000000000000e+05 1.084985999999999977e-32
3.311310000000000000e+05 1.110741799999999793e-32
3.467370000000000000e+05 1.136832200000000210e-32
3.630780000000000000e+05 1.163703799999999738e-32
3.801890000000000000e+05 1.191003799999999704e-32
3.981070000000000000e+05 1.218786799999999789e-32
4.168690000000000000e+05 1.247292199999999980e-32
4.365160000000000000e+05 1.276237199999999854e-32
4.570880000000000000e+05 1.305845800000000010e-32
4.786300000000000000e+05 1.335997600000000065e-32
5.011870000000000000e+05 1.366787799999999814e-32
5.248070000000000000e+05 1.398199600000000049e-32
5.495410000000000000e+05 1.429971199999999971e-32
5.754400000000000000e+05 1.462743800000000005e-32
6.025600000000000000e+05 1.496082000000000069e-32
6.309570000000000000e+05 1.530058600000000099e-32
6.606930000000000000e+05 1.564582600000000036e-32
6.918310000000000000e+05 1.600020799999999759e-32
7.244360000000000000e+05 1.636016200000000045e-32
7.585780000000000000e+05 1.672683600000000079e-32
7.943280000000000000e+05 1.709994999999999907e-32
8.317640000000000000e+05 1.748224800000000077e-32
8.709640000000000000e+05 1.787205000000000034e-32
9.120110000000000000e+05 1.826773199999999875e-32
9.549930000000000000e+05 1.867223400000000088e-32
1.000000000000000000e+06 1.908626999999999970e-32
1.047130000000000000e+06 1.950573800000000299e-32
1.096480000000000000e+06 1.993489399999999959e-32
1.148150000000000000e+06 2.037159599999999961e-32
1.202260000000000000e+06 2.081633399999999749e-32
1.258930000000000000e+06 2.126994800000000283e-32
1.318260000000000000e+06 2.173458000000000004e-32
1.380380000000000000e+06 2.220346800000000249e-32
1.445440000000000000e+06 2.268268799999999750e-32
1.513560000000000000e+06 2.317244999999999909e-32
1.584890000000000000e+06 2.367275399999999906e-32
1.659590000000000000e+06 2.418189200000000094e-32
1.737800000000000000e+06 2.469983599999999739e-32
1.819700000000000000e+06 2.522590000000000005e-32
1.905460000000000000e+06 2.576364000000000023e-32
1.995260000000000000e+06 2.631099799999999451e-32
2.089300000000000000e+06 2.686948599999999635e-32
2.187760000000000000e+06 2.743774599999999438e-32
2.290870000000000000e+06 2.801497999999999820e-32
2.398830000000000000e+06 2.860542999999999845e-32
2.511890000000000000e+06 2.920591799999999898e-32
2.630270000000000000e+06 2.981678000000000033e-32
2.754230000000000000e+06 3.044285999999999780e-32
2.884030000000000000e+06 3.107524000000000027e-32
3.019950000000000000e+06 3.172161999999999683e-32
3.162280000000000000e+06 3.238101999999999862e-32
3.311310000000000000e+06 3.305063999999999916e-32
3.467370000000000000e+06 3.373537999999999748e-32
3.630780000000000000e+06 3.442880000000000110e-32
3.801890000000000000e+06 3.513425999999999920e-32
3.981070000000000000e+06 3.585763999999999609e-32
4.168690000000000000e+06 3.658927999999999759e-32
4.365160000000000000e+06 3.733856000000000105e-32
4.570880000000000000e+06 3.810114000000000109e-32
4.786300000000000000e+06 3.887323999999999688e-32
5.011870000000000000e+06 3.966087999999999663e-32
5.248070000000000000e+06 4.045985999999999881e-32
5.495410000000000000e+06 4.128109999999999969e-32
5.754400000000000000e+06 4.210821999999999940e-32
6.025600000000000000e+06 4.295115999999999987e-32
6.309570000000000000e+06 4.381369999999999645e-32
6.606930000000000000e+06 4.469023999999999806e-32
6.918310000000000000e+06 4.558077999999999924e-32
7.244360000000000000e+06 4.648979999999999830e-32
7.585780000000000000e+06 4.741071999999999890e-32
7.943280000000000000e+06 4.835389999999999821e-32
8.317640000000000000e+06 4.930561999999999895e-32
8.709640000000000000e+06 5.027736000000000195e-32
9.120110000000000000e+06 5.126659999999999757e-32
9.549930000000000000e+06 5.227571999999999706e-32
1.000000000000000000e+07 5.329477999999999848e-32
1.047130000000000000e+07 5.434057999999999692e-32
1.096480000000000000e+07 5.539757999999999940e-32
1.148150000000000000e+07 5.647361999999999339e-32
1.202260000000000000e+07 5.756828000000000010e-32
1.258930000000000000e+07 5.868715999999999965e-32
1.318260000000000000e+07 5.982017999999999717e-32
1.380380000000000000e+07 6.097447999999999359e-32
1.445440000000000000e+07 6.214936000000000233e-32
1.513560000000000000e+07 6.334061999999999453e-32
1.584890000000000000e+07 6.454938000000000122e-32
1.659590000000000000e+07 6.578543999999999858e-32
1.737800000000000000e+07 6.704319999999999553e-32
1.819700000000000000e+07 6.831649999999999643e-32
1.905460000000000000e+07 6.961387999999999724e-32
1.995260000000000000e+07 7.093211999999999624e-32
2.089300000000000000e+07 7.227346000000000081e-32
2.187760000000000000e+07 7.363103999999999589e-32
2.290870000000000000e+07 7.501759999999999538e-32
2.398830000000000000e+07 7.642964000000000074e-32
2.511890000000000000e+07 7.786113999999999833e-32
2.630270000000000000e+07 7.932008000000000141e-32
2.754230000000000000e+07 8.079624000000000028e-32
2.884030000000000000e+07 8.229983999999999369e-32
3.019950000000000000e+07 8.382555999999999834e-32
3.162280000000000000e+07 8.538529999999999388e-32
3.311310000000000000e+07 8.695917999999999834e-32
3.467370000000000000e+07 8.856707999999999369e-32
3.630780000000000000e+07 9.019625999999999887e-32
3.801890000000000000e+07 9.185567999999999961e-32
3.981070000000000000e+07 9.354352000000000017e-32
4.168690000000000000e+07 9.525025999999999932e-32
4.365160000000000000e+07 9.699255999999999921e-32
4.570880000000000000e+07 9.876411999999998938e-32
4.786300000000000000e+07 1.005601799999999911e-31
5.011870000000000000e+07 1.023850800000000043e-31
5.248070000000000000e+07 1.042398000000000014e-31
5.495410000000000000e+07 1.061285399999999893e-31
5.754400000000000000e+07 1.080384200000000052e-31
6.025600000000000000e+07 1.099845599999999864e-31
6.309570000000000000e+07 1.119649999999999882e-31
6.606930000000000000e+07 1.139683999999999917e-31
6.918310000000000000e+07 1.160084800000000051e-31
7.244360000000000000e+07 1.180838399999999896e-31
7.585780000000000000e+07 1.201881800000000003e-31
7.943280000000000000e+07 1.223276599999999893e-31
8.317640000000000000e+07 1.245024199999999931e-31
8.709640000000000000e+07 1.267071399999999956e-31
9.120110000000000000e+07 1.289380399999999906e-31
9.549930000000000000e+07 1.312103799999999961e-31
1.000000000000000000e+08 1.335266799999999945e-31
1.047130000000000000e+08 1.358727999999999986e-31
1.096480000000000000e+08 1.382628799999999956e-31
1.148150000000000000e+08 1.406770400000000034e-31
1.202260000000000000e+08 1.431406199999999912e-31
1.258930000000000000e+08 1.456401800000000023e-31
1.318260000000000000e+08 1.481682999999999953e-31
1.380380000000000000e+08 1.507391200000000009e-31
1.445440000000000000e+08 1.533531999999999908e-31
1.513560000000000000e+08 1.560105399999999870e-31
1.584890000000000000e+08 1.587009200000000017e-31
1.659590000000000000e+08 1.614421199999999914e-31
1.737800000000000000e+08 1.642206999999999994e-31
1.819700000000000000e+08 1.670443599999999876e-31
1.905460000000000000e+08 1.699091800000000003e-31
1.995260000000000000e+08 1.728068999999999949e-31
2.089300000000000000e+08 1.757569799999999962e-31
2.187760000000000000e+08 1.787584399999999881e-31
2.290870000000000000e+08 1.818039999999999876e-31
2.398830000000000000e+08 1.848810599999999957e-31
2.511890000000000000e+08 1.880188800000000027e-31
2.630270000000000000e+08 1.912026199999999912e-31
2.754230000000000000e+08 1.944332599999999992e-31
2.884030000000000000e+08 1.977030999999999776e-31
3.019950000000000000e+08 2.010268399999999726e-31
3.162280000000000000e+08 2.043983199999999887e-31
3.311310000000000000e+08 2.078228599999999762e-31
3.467370000000000000e+08 2.113112399999999822e-31
3.630780000000000000e+08 2.148298599999999948e-31
3.801890000000000000e+08 2.184134400000000132e-31
3.981070000000000000e+08 2.220534400000000087e-31
4.168690000000000000e+08 2.257327800000000112e-31
4.365160000000000000e+08 2.294772199999999906e-31
4.570880000000000000e+08 2.332717799999999803e-31
4.786300000000000000e+08 2.371241600000000079e-31
5.011870000000000000e+08 2.410410799999999967e-31
5.248070000000000000e+08 2.450137199999999761e-31
5.495410000000000000e+08 2.490340999999999764e-31
5.754400000000000000e+08 2.531157999999999912e-31
6.025600000000000000e+08 2.572670799999999757e-31
6.309570000000000000e+08 2.614709999999999747e-31
6.606930000000000000e+08 2.657331599999999685e-31
6.918310000000000000e+08 2.700615399999999701e-31
7.244360000000000000e+08 2.744496999999999982e-31
7.585780000000000000e+08 2.789039399999999756e-31
7.943280000000000000e+08 2.834187999999999808e-31
8.317640000000000000e+08 2.880066000000000052e-31
8.709640000000000000e+08 2.926686000000000070e-31
9.120110000000000000e+08 2.973711999999999741e-31
9.549930000000000000e+08 3.021480000000000062e-31
1.000000000000000000e+09 3.070031999999999789e-31
1.047130000000000000e+09 3.119172000000000057e-31
1.096480000000000000e+09 3.169235999999999671e-31
1.148150000000000000e+09 3.219580000000000043e-31
1.202260000000000000e+09 3.271099999999999743e-31
1.258930000000000000e+09 3.323305999999999854e-31
1.318260000000000000e+09 3.375988000000000027e-31
1.380380000000000000e+09 3.429663999999999955e-31
1.445440000000000000e+09 3.484081999999999657e-31
1.513560000000000000e+09 3.538863999999999819e-31
1.584890000000000000e+09 3.594933999999999787e-31
1.659590000000000000e+09 3.651647999999999658e-31
1.737800000000000000e+09 3.709173999999999712e-31
1.819700000000000000e+09 3.767287999999999868e-31
1.905460000000000000e+09 3.826521999999999989e-31
1.995260000000000000e+09 3.886497999999999884e-31
2.089300000000000000e+09 3.947131999999999413e-31
2.187760000000000000e+09 4.008844000000000152e-31
2.290870000000000000e+09 4.071031999999999638e-31
2.398830000000000000e+09 4.134396000000000204e-31
2.511890000000000000e+09 4.198417999999999529e-31
2.630270000000000000e+09 4.263503999999999456e-31
2.754230000000000000e+09 4.329219999999999554e-31
2.884030000000000000e+09 4.396322000000000206e-31
3.019950000000000000e+09 4.464039999999999546e-31
3.162280000000000000e+09 4.532667999999999816e-31
3.311310000000000000e+09 4.602388000000000151e-31
3.467370000000000000e+09 4.673101999999999802e-31
3.630780000000000000e+09 4.744655999999999975e-31
3.801890000000000000e+09 4.817036000000000062e-31
3.981070000000000000e+09 4.890633999999999547e-31
4.168690000000000000e+09 4.964931999999999612e-31
4.365160000000000000e+09 5.040532000000000090e-31
4.570880000000000000e+09 5.117252000000000096e-31
4.786300000000000000e+09 5.194447999999999725e-31
5.011870000000000000e+09 5.273225999999999650e-31
5.248070000000000000e+09 5.352815999999999757e-31
5.495410000000000000e+09 5.433553999999999730e-31
5.754400000000000000e+09 5.515117999999999617e-31
6.025600000000000000e+09 5.598095999999999519e-31
6.309570000000000000e+09 5.682095999999999954e-31
6.606930000000000000e+09 5.766991999999999834e-31
6.918310000000000000e+09 5.853077999999999651e-31
7.244360000000000000e+09 5.940130000000000197e-31
7.585780000000000000e+09 6.028693999999999755e-31
7.943280000000000000e+09 6.118266000000000114e-31
8.317640000000000000e+09 6.208720000000000187e-31
8.709640000000000000e+09 6.300377999999999927e-31
9.120110000000000000e+09 6.393338000000000081e-31
9.549930000000000000e+09 6.487628000000000111e-31
1.000000000000000000e+10 6.583037999999999668e-31
1.047130000000000000e+10 6.679511999999999827e-31
1.096480000000000000e+10 6.777427999999999464e-31
1.148150000000000000e+10 6.876169999999999891e-31
1.202260000000000000e+10 6.976522000000000076e-31
1.258930000000000000e+10 7.077755999999999976e-31
1.318260000000000000e+10 7.180599999999999634e-31
1.380380000000000000e+10 7.284325999999999883e-31
1.445440000000000000e+10 7.389549999999999412e-31
1.513560000000000000e+10 7.496229999999999902e-31
1.584890000000000000e+10 7.603637999999999560e-31
1.659590000000000000e+10 7.712795999999999792e-31
1.737800000000000000e+10 7.823186000000000029e-31
1.819700000000000000e+10 7.934612000000000530e-31
1.905460000000000000e+10 8.047885999999998849e-31
1.995260000000000000e+10 8.161873999999999231e-31
2.089300000000000000e+10 8.277303999999999967e-31
2.187760000000000000e+10 8.394259999999999446e-31
2.290870000000000000e+10 8.512154000000000192e-31
2.398830000000000000e+10 8.631532000000000488e-31
2.511890000000000000e+10 8.752365999999999117e-31
2.630270000000000000e+10 8.874053999999998875e-31
2.754230000000000000e+10 8.997435999999999406e-31
2.884030000000000000e+10 9.122162000000000420e-31
3.019950000000000000e+10 9.248414000000000177e-31
3.162280000000000000e+10 9.375673999999999859e-31
3.311310000000000000e+10 9.504053999999999067e-31
3.467370000000000000e+10 9.633763999999999028e-31
3.630780000000000000e+10 9.765154000000000031e-31
3.801890000000000000e+10 9.897817999999999357e-31
3.981070000000000000e+10 1.003162999999999942e-30
4.168690000000000000e+10 1.016603000000000047e-30
4.365160000000000000e+10 1.030244599999999961e-30
4.570880000000000000e+10 1.044012199999999910e-30
4.786300000000000000e+10 1.057856799999999957e-30
5.011870000000000000e+10 1.071841399999999946e-30
5.248070000000000000e+10 1.085950599999999996e-30
5.495410000000000000e+10 1.100152200000000024e-30
5.754400000000000000e+10 1.114490999999999871e-30
6.025600000000000000e+10 1.128954399999999955e-30
6.309570000000000000e+10 1.143504599999999950e-30
6.606930000000000000e+10 1.158189199999999993e-30
6.918310000000000000e+10 1.172922799999999972e-30
7.244360000000000000e+10 1.187820199999999960e-30
7.585780000000000000e+10 1.202808599999999954e-30
7.943280000000000000e+10 1.217887999999999953e-30
8.317640000000000000e+10 1.233054200000000038e-30
8.709640000000000000e+10 1.248260999999999869e-30
9.120110000000000000e+10 1.263623199999999871e-30
9.549930000000000000e+10 1.279025999999999970e-30
1.000000000000000000e+11 1.294509999999999912e-30
1.047130000000000000e+11 1.310070999999999953e-30
1.096480000000000000e+11 1.325717399999999931e-30
1.148150000000000000e+11 1.341379199999999965e-30
1.202260000000000000e+11 1.357136199999999923e-30
1.258930000000000000e+11 1.372967400000000033e-30
1.318260000000000000e+11 1.388797199999999996e-30
1.380380000000000000e+11 1.404722199999999883e-30
1.445440000000000000e+11 1.420703199999999921e-30
1.513560000000000000e+11 1.436629599999999957e-30
1.584890000000000000e+11 1.452614799999999915e-30
1.659590000000000000e+11 1.468639199999999997e-30
1.737800000000000000e+11 1.484638399999999861e-30
1.819700000000000000e+11 1.500675399999999876e-30
1.905460000000000000e+11 1.516699799999999958e-30
1.995260000000000000e+11 1.532736799999999973e-30
2.089300000000000000e+11 1.548721999999999931e-30
2.187760000000000000e+11 1.564742199999999918e-30
2.290870000000000000e+11 1.580710600000000023e-30
2.398830000000000000e+11 1.596639799999999830e-30
2.511890000000000000e+11 1.612520000000000051e-30
2.630270000000000000e+11 1.628366599999999866e-30
2.754230000000000000e+11 1.644183800000000070e-30
2.884030000000000000e+11 1.659877799999999836e-30
3.019950000000000000e+11 1.675573200000000100e-30
3.162280000000000000e+11 1.691121599999999857e-30
3.311310000000000000e+11 1.706655999999999883e-30
3.467370000000000000e+11 1.722081199999999903e-30
3.630780000000000000e+11 1.737433599999999918e-30
3.801890000000000000e+11 1.752665599999999791e-30
3.981070000000000000e+11 1.767799599999999793e-30
4.168690000000000000e+11 1.782818799999999896e-30
4.365160000000000000e+11 1.797731599999999939e-30
4.570880000000000000e+11 1.812508599999999961e-30
4.786300000000000000e+11 1.827180600000000071e-30
5.011870000000000000e+11 1.841697199999999834e-30
5.248070000000000000e+11 1.856104599999999942e-30
5.495410000000000000e+11 1.870304799999999822e-30
5.754400000000000000e+11 1.884426599999999805e-30
6.025600000000000000e+11 1.898350999999999898e-30
6.309570000000000000e+11 1.912145199999999861e-30
6.606930000000000000e+11 1.925767199999999801e-30
6.918310000000000000e+11 1.939218399999999866e-30
7.244360000000000000e+11 1.952522599999999774e-30
7.585780000000000000e+11 1.965648999999999766e-30
7.943280000000000000e+11 1.978618599999999964e-30
8.317640000000000000e+11 1.991415999999999788e-30
8.709640000000000000e+11 2.003993599999999801e-30
9.120110000000000000e+11 2.016411600000000075e-30
9.549930000000000000e+11 2.028637800000000000e-30
1.000000000000000000e+12 2.028637800000000000e-30
