100 42.599
104.713 44.7157
109.648 46.9308
114.815 49.2618
120.226 51.689
125.893 54.2245
131.826 56.9007
138.038 59.6899
144.544 62.5996
151.356 65.6612
158.489 68.852
165.959 72.2009
173.78 75.7117
181.97 79.3621
190.546 83.2187
199.526 87.2254
208.93 91.4188
218.776 95.8135
229.087 100.411
239.883 105.225
251.189 110.26
263.027 115.518
275.423 121.045
288.403 126.8
301.995 132.845
316.228 139.144
331.131 145.737
346.737 152.641
363.078 159.835
380.189 167.383
398.107 175.282
416.869 183.539
436.516 192.161
457.088 201.211
478.63 210.639
501.187 220.517
524.807 230.83
549.541 241.611
575.44 252.896
602.56 264.658
630.957 276.947
660.693 289.794
691.831 303.274
724.436 317.344
758.578 332
794.328 347.241
831.764 363.289
870.964 380.01
912.011 397.509
954.993 415.677
1000 434.823
1047.13 454.603
1096.48 475.367
1148.15 496.998
1202.26 519.627
1258.93 543.232
1318.26 567.826
1380.38 593.488
1445.44 620.188
1513.56 648.071
1584.89 677.26
1659.59 707.587
1737.8 739.298
1819.7 772.233
1905.46 806.612
1995.26 842.332
2089.3 879.656
2187.76 918.519
2290.87 958.774
2398.83 1000.84
2511.89 1044.67
2630.27 1090.09
2754.23 1137.56
2884.03 1186.88
3019.95 1238.03
3162.28 1291.27
3311.31 1346.7
3467.37 1404.29
3630.78 1463.99
3801.89 1526.12
3981.07 1590.74
4168.69 1657.68
4365.16 1727.08
4570.88 1799.3
4786.3 1873.99
5011.87 1951.53
5248.07 2032.04
5495.41 2115.29
5754.4 2201.62
6025.6 2291.18
6309.57 2383.85
6606.93 2479.86
6918.31 2579.19
7244.36 2681.39
7585.78 2788.35
7943.28 2898.13
8317.64 3012.14
8709.64 3129.51
9120.11 3251.69
9549.93 3377.15
10000 3507.13
10471.3 3641.06
10964.8 3779.25
11481.5 3921.91
12022.6 4069.34
12589.3 4221.15
13182.6 4377.99
13803.8 4539.82
14454.4 4706.37
15135.6 4877.74
15848.9 5054.3
16595.9 5237.13
17378 5424.78
18197 5617.31
19054.6 5815.87
19952.6 6020.46
20893 6231.74
21877.6 6448.73
22908.7 6671.97
23988.3 6900.83
25118.9 7136.4
26302.7 7378.44
27542.3 7627.64
28840.3 7882.44
30199.5 8144.78
31622.8 8414.62
33113.1 8690.68
34673.7 8975.74
36307.8 9267.02
38018.9 9566.93
39810.7 9873.09
41686.9 10189
43651.6 10511.5
45708.8 10843.7
47863 11184.3
50118.7 11531.1
52480.7 11888.1
54954.1 12255.9
57544 12630.2
60256 13017
63095.7 13408.5
66069.3 13812.2
69183.1 14226.8
72443.6 14651.8
75857.8 15085.5
79432.8 15531.9
83176.4 15986.4
87096.4 16453.3
91201.1 16929.7
95499.3 17416.9
100000 17917.5
104713 18429.4
109648 18952.4
114815 19487.8
120226 20036.5
125893 20594.1
131826 21170.6
138038 21757.4
144544 22357.3
151356 22968.8
158489 23597.4
165959 24236.4
173780 24892.3
181970 25562.6
190546 26250.4
199526 26949.4
208930 27665.3
218776 28400.9
229087 29150.2
239883 29916.6
251189 30697
263027 31497.2
275423 32309.9
288403 33143.4
301995 33997.7
316228 34866.1
331131 35758.2
346737 36661
363078 37590
380189 38536.2
398107 39502.7
416869 40493.1
436516 41500.2
457088 42528.9
478630 43579.3
501187 44651.5
524807 45749.3
549541 46859.2
575440 48001.9
602560 49170.7
630957 50360.3
660693 51569.8
691831 52813.2
724436 54070.5
758578 55358
794328 56669.6
831764 58014.1
870964 59381.9
912011 60772.1
954993 62197.5
1e+06 63655.7
1.04713e+06 65132.1
1.09648e+06 66643.2
1.14815e+06 68182.2
1.20226e+06 69757.4
1.25893e+06 71354.1
1.31826e+06 72997.8
1.38038e+06 74650.6
1.44544e+06 76344.3
1.51356e+06 78080.3
1.58489e+06 79847.7
1.65959e+06 81651.5
1.7378e+06 83480.2
1.8197e+06 85342.2
1.90546e+06 87249.8
1.99526e+06 89184.8
2.0893e+06 91166.9
2.18776e+06 93180.9
2.29087e+06 95226
2.39883e+06 97317.5
2.51189e+06 99445.7
2.63027e+06 101618
2.75423e+06 103839
2.88403e+06 106083
3.01995e+06 108379
3.16228e+06 110715
3.31131e+06 113097
3.46737e+06 115528
3.63078e+06 117993
3.80189e+06 120503
3.98107e+06 123072
4.16869e+06 125673
4.36516e+06 128338
4.57088e+06 131048
4.7863e+06 133795
5.01187e+06 136594
5.24807e+06 139432
5.49541e+06 142361
5.7544e+06 145311
6.0256e+06 148311
6.30957e+06 151366
6.60693e+06 154494
6.91831e+06 157672
7.24436e+06 160908
7.58578e+06 164191
7.94328e+06 167542
8.31764e+06 170936
8.70964e+06 174396
9.12011e+06 177922
9.54993e+06 181518
1e+07 185146
1.04713e+07 188873
1.09648e+07 192636
1.14815e+07 196471
1.20226e+07 200381
1.25893e+07 204361
1.31826e+07 208391
1.38038e+07 212517
1.44544e+07 216699
1.51356e+07 220957
1.58489e+07 225266
1.65959e+07 229669
1.7378e+07 234150
1.8197e+07 238696
1.90546e+07 243310
1.99526e+07 248025
2.0893e+07 252806
2.18776e+07 257647
2.29087e+07 262594
2.39883e+07 267644
2.51189e+07 272733
2.63027e+07 277953
2.75423e+07 283208
2.88403e+07 288578
3.01995e+07 294026
3.16228e+07 299587
3.31131e+07 305212
3.46737e+07 310933
3.63078e+07 316750
3.80189e+07 322672
3.98107e+07 328698
4.16869e+07 334777
4.36516e+07 341003
4.57088e+07 347340
4.7863e+07 353733
5.01187e+07 360244
5.24807e+07 366869
5.49541e+07 373612
5.7544e+07 380411
6.0256e+07 387371
6.30957e+07 394437
6.60693e+07 401577
6.91831e+07 408868
7.24436e+07 416273
7.58578e+07 423787
7.94328e+07 431431
8.31764e+07 439181
8.70964e+07 447048
9.12011e+07 455026
9.54993e+07 463149
1e+08 471400
1.04713e+08 479780
1.09648e+08 488296
1.14815e+08 496920
1.20226e+08 505703
1.25893e+08 514634
1.31826e+08 523685
1.38038e+08 532828
1.44544e+08 542159
1.51356e+08 551662
1.58489e+08 561266
1.65959e+08 571059
1.7378e+08 580983
1.8197e+08 591070
1.90546e+08 601282
1.99526e+08 611625
2.0893e+08 622150
2.18776e+08 632861
2.29087e+08 643729
2.39883e+08 654720
2.51189e+08 665930
2.63027e+08 677302
2.75423e+08 688822
2.88403e+08 700503
3.01995e+08 712363
3.16228e+08 724410
3.31131e+08 736638
3.46737e+08 749096
3.63078e+08 761653
3.80189e+08 774440
3.98107e+08 787448
4.16869e+08 800601
4.36516e+08 813960
4.57088e+08 827496
4.7863e+08 841251
5.01187e+08 855256
5.24807e+08 869441
5.49541e+08 883770
5.7544e+08 898346
6.0256e+08 913209
6.30957e+08 928205
6.60693e+08 943400
6.91831e+08 958857
7.24436e+08 974521
7.58578e+08 990421
7.94328e+08 1.00654e+06
8.31764e+08 1.02292e+06
8.70964e+08 1.03956e+06
9.12011e+08 1.05638e+06
9.54993e+08 1.07343e+06
1e+09 1.09075e+06
1.04713e+09 1.10831e+06
1.09648e+09 1.12614e+06
1.14815e+09 1.14415e+06
1.20226e+09 1.16256e+06
1.25893e+09 1.18117e+06
1.31826e+09 1.2e+06
1.38038e+09 1.21912e+06
1.44544e+09 1.23859e+06
1.51356e+09 1.25817e+06
1.58489e+09 1.27819e+06
1.65959e+09 1.29845e+06
1.7378e+09 1.31898e+06
1.8197e+09 1.33972e+06
1.90546e+09 1.36091e+06
1.99526e+09 1.38226e+06
2.0893e+09 1.40394e+06
2.18776e+09 1.426e+06
2.29087e+09 1.44816e+06
2.39883e+09 1.47078e+06
2.51189e+09 1.49366e+06
2.63027e+09 1.5169e+06
2.75423e+09 1.5404e+06
2.88403e+09 1.56434e+06
3.01995e+09 1.58848e+06
3.16228e+09 1.613e+06
3.31131e+09 1.63788e+06
3.46737e+09 1.6632e+06
3.63078e+09 1.68872e+06
3.80189e+09 1.71454e+06
3.98107e+09 1.74084e+06
4.16869e+09 1.76737e+06
4.36516e+09 1.79433e+06
4.57088e+09 1.82176e+06
4.7863e+09 1.84935e+06
5.01187e+09 1.87746e+06
5.24807e+09 1.90581e+06
5.49541e+09 1.93464e+06
5.7544e+09 1.96384e+06
6.0256e+09 1.99345e+06
6.30957e+09 2.0235e+06
6.60693e+09 2.05375e+06
6.91831e+09 2.08452e+06
7.24436e+09 2.11557e+06
7.58578e+09 2.14718e+06
7.94328e+09 2.17917e+06
8.31764e+09 2.21149e+06
8.70964e+09 2.24425e+06
9.12011e+09 2.27736e+06
9.54993e+09 2.31105e+06
1e+10 2.3451e+06
1.04713e+10 2.37962e+06
1.09648e+10 2.41455e+06
1.14815e+10 2.44985e+06
1.20226e+10 2.48567e+06
1.25893e+10 2.52183e+06
1.31826e+10 2.55851e+06
1.38038e+10 2.59563e+06
1.44544e+10 2.6331e+06
1.51356e+10 2.67117e+06
1.58489e+10 2.70958e+06
1.65959e+10 2.74858e+06
1.7378e+10 2.78799e+06
1.8197e+10 2.82773e+06
1.90546e+10 2.86821e+06
1.99526e+10 2.90884e+06
2.0893e+10 2.95003e+06
2.18776e+10 2.99194e+06
2.29087e+10 3.03402e+06
2.39883e+10 3.07666e+06
2.51189e+10 3.11973e+06
2.63027e+10 3.16323e+06
2.75423e+10 3.20726e+06
2.88403e+10 3.25176e+06
3.01995e+10 3.29692e+06
3.16228e+10 3.34229e+06
3.31131e+10 3.38813e+06
3.46737e+10 3.43443e+06
3.63078e+10 3.48141e+06
3.80189e+10 3.52878e+06
3.98107e+10 3.57663e+06
4.16869e+10 3.62446e+06
4.36516e+10 3.67324e+06
4.57088e+10 3.72237e+06
4.7863e+10 3.77199e+06
5.01187e+10 3.82176e+06
5.24807e+10 3.87225e+06
5.49541e+10 3.92286e+06
5.7544e+10 3.97411e+06
6.0256e+10 4.02585e+06
6.30957e+10 4.07768e+06
6.60693e+10 4.13016e+06
6.91831e+10 4.18279e+06
7.24436e+10 4.23595e+06
7.58578e+10 4.28951e+06
7.94328e+10 4.34332e+06
8.31764e+10 4.39746e+06
8.70964e+10 4.45178e+06
9.12011e+10 4.50679e+06
9.54993e+10 4.56163e+06
1e+11 4.61695e+06
1.04713e+11 4.67259e+06
1.09648e+11 4.72845e+06
1.14815e+11 4.78431e+06
1.20226e+11 4.84057e+06
1.25893e+11 4.89718e+06
1.31826e+11 4.9536e+06
1.38038e+11 5.01062e+06
1.44544e+11 5.06769e+06
1.51356e+11 5.12451e+06
1.58489e+11 5.18158e+06
1.65959e+11 5.23881e+06
1.7378e+11 5.29597e+06
1.8197e+11 5.35333e+06
1.90546e+11 5.41051e+06
1.99526e+11 5.46771e+06
2.0893e+11 5.52478e+06
2.18776e+11 5.5821e+06
2.29087e+11 5.63906e+06
2.39883e+11 5.696e+06
2.51189e+11 5.75273e+06
2.63027e+11 5.80936e+06
2.75423e+11 5.86579e+06
2.88403e+11 5.92184e+06
3.01995e+11 5.97788e+06
3.16228e+11 6.03345e+06
3.31131e+11 6.08895e+06
3.46737e+11 6.14409e+06
3.63078e+11 6.19886e+06
3.80189e+11 6.25333e+06
3.98107e+11 6.30738e+06
4.16869e+11 6.36104e+06
4.36516e+11 6.41427e+06
4.57088e+11 6.46699e+06
4.7863e+11 6.51951e+06
5.01187e+11 6.57125e+06
5.24807e+11 6.62279e+06
5.49541e+11 6.67339e+06
5.7544e+11 6.72388e+06
6.0256e+11 6.77365e+06
6.30957e+11 6.82288e+06
6.60693e+11 6.87154e+06
6.91831e+11 6.91965e+06
7.24436e+11 6.96718e+06
7.58578e+11 7.01411e+06
7.94328e+11 7.06032e+06
8.31764e+11 7.10613e+06
8.70964e+11 7.15099e+06
9.12011e+11 7.19534e+06
9.54993e+11 7.23908e+06
1e+12 7.23908e+06