1.000000000000000000e+02 5.138920000000000540e-36
1.047129999999999939e+02 5.407072000000000119e-36
1.096479999999999961e+02 5.688976000000000121e-36
1.148149999999999977e+02 5.983239999999999590e-36
1.202259999999999991e+02 6.292663999999999750e-36
1.258930000000000007e+02 6.615991999999999478e-36
1.318259999999999934e+02 6.955472000000000012e-36
1.380380000000000109e+02 7.310751999999999113e-36
1.445440000000000111e+02 7.682655999999999107e-36
1.513559999999999945e+02 8.072208000000000067e-36
1.584890000000000043e+02 8.480456000000000034e-36
1.659590000000000032e+02 8.907735999999999930e-36
1.737800000000000011e+02 9.356256000000001043e-36
1.819699999999999989e+02 9.823967999999999214e-36
1.905459999999999923e+02 1.031681599999999848e-35
1.995260000000000105e+02 1.083148000000000092e-35
2.089300000000000068e+02 1.136955199999999857e-35
2.187760000000000105e+02 1.193335199999999925e-35
2.290869999999999891e+02 1.252446399999999968e-35
2.398830000000000098e+02 1.314227199999999861e-35
2.511889999999999930e+02 1.379027999999999840e-35
2.630269999999999868e+02 1.446936799999999931e-35
2.754230000000000018e+02 1.517967200000000050e-35
2.884030000000000200e+02 1.592288799999999989e-35
3.019950000000000045e+02 1.670190399999999857e-35
3.162280000000000086e+02 1.751815199999999814e-35
3.311309999999999718e+02 1.836910400000000172e-35
3.467370000000000232e+02 1.926078400000000119e-35
3.630779999999999745e+02 2.019767200000000175e-35
3.801890000000000214e+02 2.117431999999999739e-35
3.981070000000000277e+02 2.219824000000000093e-35
4.168690000000000282e+02 2.327128000000000005e-35
4.365160000000000196e+02 2.439327999999999762e-35
4.570880000000000223e+02 2.556895999999999719e-35
4.786299999999999955e+02 2.679912000000000311e-35
5.011870000000000118e+02 2.808271999999999662e-35
5.248070000000000164e+02 2.942887999999999588e-35
5.495410000000000537e+02 3.083792000000000049e-35
5.754400000000000546e+02 3.231040000000000041e-35
6.025599999999999454e+02 3.385072000000000225e-35
6.309569999999999936e+02 3.546624000000000227e-35
6.606929999999999836e+02 3.714935999999999781e-35
6.918310000000000173e+02 3.891720000000000253e-35
7.244360000000000355e+02 4.076279999999999694e-35
7.585779999999999745e+02 4.269271999999999700e-35
7.943279999999999745e+02 4.471119999999999616e-35
8.317640000000000100e+02 4.682319999999999631e-35
8.709640000000000555e+02 4.903344000000000367e-35
9.120109999999999673e+02 5.134983999999999912e-35
9.549930000000000518e+02 5.375639999999999170e-35
1.000000000000000000e+03 5.628167999999999297e-35
1.047130000000000109e+03 5.891904000000000443e-35
1.096480000000000018e+03 6.167959999999999768e-35
1.148150000000000091e+03 6.456432000000000896e-35
1.202259999999999991e+03 6.757592000000000017e-35
1.258930000000000064e+03 7.072680000000000546e-35
1.318259999999999991e+03 7.401007999999999858e-35
1.380380000000000109e+03 7.744703999999999339e-35
1.445440000000000055e+03 8.103055999999998930e-35
1.513559999999999945e+03 8.478383999999999781e-35
1.584890000000000100e+03 8.870639999999999547e-35
1.659589999999999918e+03 9.280239999999999317e-35
1.737799999999999955e+03 9.708608000000000278e-35
1.819700000000000045e+03 1.015360000000000026e-34
1.905460000000000036e+03 1.061868799999999899e-34
1.995259999999999991e+03 1.110520799999999924e-34
2.089300000000000182e+03 1.161241600000000045e-34
2.187760000000000218e+03 1.214125600000000066e-34
2.290869999999999891e+03 1.269108799999999851e-34
2.398829999999999927e+03 1.326780800000000051e-34
2.511889999999999873e+03 1.386905600000000087e-34
2.630269999999999982e+03 1.449300800000000025e-34
2.754230000000000018e+03 1.514563999999999942e-34
2.884030000000000200e+03 1.582662399999999893e-34
3.019949999999999818e+03 1.653621600000000059e-34
3.162280000000000200e+03 1.727455199999999877e-34
3.311309999999999945e+03 1.804239200000000014e-34
3.467369999999999891e+03 1.884437599999999845e-34
3.630780000000000200e+03 1.967887999999999824e-34
3.801889999999999873e+03 2.054672000000000198e-34
3.981070000000000164e+03 2.145527999999999589e-34
4.168689999999999600e+03 2.239631999999999733e-34
4.365159999999999854e+03 2.337543999999999996e-34
4.570880000000000109e+03 2.439488000000000207e-34
4.786300000000000182e+03 2.545511999999999932e-34
5.011869999999999891e+03 2.655679999999999735e-34
5.248069999999999709e+03 2.770384000000000068e-34
5.495409999999999854e+03 2.889703999999999924e-34
5.754399999999999636e+03 3.013399999999999758e-34
6.025600000000000364e+03 3.142207999999999626e-34
6.309569999999999709e+03 3.275567999999999737e-34
6.606930000000000291e+03 3.414455999999999689e-34
6.918310000000000400e+03 3.558423999999999822e-34
7.244359999999999673e+03 3.707424000000000567e-34
7.585779999999999745e+03 3.862831999999999910e-34
7.943279999999999745e+03 4.023616000000000324e-34
8.317639999999999418e+03 4.191232000000000069e-34
8.709639999999999418e+03 4.364383999999999725e-34
9.120110000000000582e+03 4.544199999999999801e-34
9.549930000000000291e+03 4.729624000000000422e-34
1.000000000000000000e+04 4.923127999999999369e-34
1.047129999999999927e+04 5.122680000000000164e-34
1.096479999999999927e+04 5.328495999999999572e-34
1.148150000000000000e+04 5.543416000000000321e-34
1.202260000000000036e+04 5.764944000000000142e-34
1.258929999999999927e+04 5.994199999999999472e-34
1.318260000000000036e+04 6.232023999999999707e-34
1.380379999999999927e+04 6.477072000000000153e-34
1.445439999999999964e+04 6.730215999999999922e-34
1.513560000000000036e+04 6.992703999999998864e-34
1.584889999999999964e+04 7.263375999999999614e-34
1.659590000000000146e+04 7.544055999999999387e-34
1.737800000000000000e+04 7.832352000000000251e-34
1.819700000000000000e+04 8.131655999999999521e-34
1.905459999999999854e+04 8.439463999999999134e-34
1.995259999999999854e+04 8.757264000000000196e-34
2.089300000000000000e+04 9.086511999999998401e-34
2.187759999999999854e+04 9.425839999999999684e-34
2.290870000000000073e+04 9.775807999999998703e-34
2.398829999999999927e+04 1.013607200000000013e-33
2.511890000000000146e+04 1.050783999999999834e-33
2.630270000000000073e+04 1.089008799999999973e-33
2.754229999999999927e+04 1.128542399999999813e-33
2.884029999999999927e+04 1.169265599999999932e-33
3.019950000000000000e+04 1.210887199999999994e-33
3.162279999999999927e+04 1.254026399999999798e-33
3.311309999999999854e+04 1.298372799999999864e-33
3.467369999999999709e+04 1.344046400000000051e-33
3.630780000000000291e+04 1.391008800000000020e-33
3.801890000000000146e+04 1.439419200000000059e-33
3.981069999999999709e+04 1.488914399999999884e-33
4.168690000000000146e+04 1.540041600000000028e-33
4.365159999999999854e+04 1.592616799999999900e-33
4.570880000000000291e+04 1.646530399999999648e-33
4.786300000000000000e+04 1.701965599999999943e-33
5.011869999999999709e+04 1.758908799999999894e-33
5.248069999999999709e+04 1.817339200000000175e-33
5.495409999999999854e+04 1.877447999999999643e-33
5.754400000000000000e+04 1.939095999999999983e-33
6.025600000000000000e+04 2.002535999999999654e-33
6.309569999999999709e+04 2.067199999999999991e-33
6.606930000000000291e+04 2.133783999999999759e-33
6.918310000000000582e+04 2.202359999999999760e-33
7.244360000000000582e+04 2.272647999999999757e-33
7.585780000000000291e+04 2.344680000000000031e-33
7.943280000000000291e+04 2.418312000000000001e-33
8.317639999999999418e+04 2.494095999999999901e-33
8.709639999999999418e+04 2.571615999999999837e-33
9.120110000000000582e+04 2.650928000000000471e-33
9.549930000000000291e+04 2.732304000000000091e-33
1.000000000000000000e+05 2.815599999999999824e-33
1.047130000000000000e+05 2.900991999999999851e-33
1.096480000000000000e+05 2.988471999999999928e-33
1.148150000000000000e+05 3.077727999999999879e-33
1.202260000000000000e+05 3.169608000000000317e-33
1.258930000000000000e+05 3.263383999999999802e-33
1.318260000000000000e+05 3.359727999999999453e-33
1.380380000000000000e+05 3.457751999999999845e-33
1.445440000000000000e+05 3.558191999999999236e-33
1.513560000000000000e+05 3.660999999999999601e-33
1.584890000000000000e+05 3.766455999999999807e-33
1.659590000000000000e+05 3.873735999999999626e-33
1.737800000000000000e+05 3.983944000000000208e-33
1.819700000000000000e+05 4.096159999999999796e-33
1.905460000000000000e+05 4.211464000000000186e-33
1.995260000000000000e+05 4.328888000000000225e-33
2.089300000000000000e+05 4.449104000000000344e-33
2.187760000000000000e+05 4.572255999999999416e-33
2.290870000000000000e+05 4.698335999999999252e-33
2.398830000000000000e+05 4.826751999999999095e-33
2.511890000000000000e+05 4.957768000000000069e-33
2.630270000000000000e+05 5.091479999999999596e-33
2.754230000000000000e+05 5.228352000000000045e-33
2.884030000000000000e+05 5.367767999999999935e-33
3.019950000000000000e+05 5.511128000000000453e-33
3.162280000000000000e+05 5.656607999999999935e-33
3.311310000000000000e+05 5.805528000000000577e-33
3.467370000000000000e+05 5.957159999999999570e-33
3.630780000000000000e+05 6.112735999999999876e-33
3.801890000000000000e+05 6.270896000000000146e-33
3.981070000000000000e+05 6.432591999999998998e-33
4.168690000000000000e+05 6.597951999999998925e-33
4.365160000000000000e+05 6.766304000000000179e-33
4.570880000000000000e+05 6.938143999999999934e-33
4.786300000000000000e+05 7.113504000000000525e-33
5.011870000000000000e+05 7.292567999999999978e-33
5.248070000000000000e+05 7.475224000000000386e-33
5.495410000000000000e+05 7.660343999999999874e-33
5.754400000000000000e+05 7.850728000000000817e-33
6.025600000000000000e+05 8.044711999999999537e-33
6.309570000000000000e+05 8.242855999999999244e-33
6.606930000000000000e+05 8.443879999999999635e-33
6.918310000000000000e+05 8.649703999999998430e-33
7.244360000000000000e+05 8.859624000000000386e-33
7.585780000000000000e+05 9.073168000000000158e-33
7.943280000000000000e+05 9.290488000000000280e-33
8.317640000000000000e+05 9.512919999999999324e-33
8.709640000000000000e+05 9.739591999999999032e-33
9.120110000000000000e+05 9.970479999999999365e-33
9.549930000000000000e+05 1.020609600000000072e-32
1.000000000000000000e+06 1.044663200000000067e-32
1.047130000000000000e+06 1.069189600000000028e-32
1.096480000000000000e+06 1.094035999999999928e-32
1.148150000000000000e+06 1.119466399999999933e-32
1.202260000000000000e+06 1.145368799999999946e-32
1.258930000000000000e+06 1.171706399999999817e-32
1.318260000000000000e+06 1.198708799999999973e-32
1.380380000000000000e+06 1.226032799999999705e-32
1.445440000000000000e+06 1.253892799999999735e-32
1.513560000000000000e+06 1.282381600000000127e-32
1.584890000000000000e+06 1.311425600000000166e-32
1.659590000000000000e+06 1.340944799999999899e-32
1.737800000000000000e+06 1.371017599999999915e-32
1.819700000000000000e+06 1.401617600000000168e-32
1.905460000000000000e+06 1.432752799999999670e-32
1.995260000000000000e+06 1.464575999999999951e-32
2.089300000000000000e+06 1.496956799999999881e-32
2.187760000000000000e+06 1.529925599999999969e-32
2.290870000000000000e+06 1.563451999999999980e-32
2.398830000000000000e+06 1.597663999999999945e-32
2.511890000000000000e+06 1.632523999999999894e-32
2.630270000000000000e+06 1.667847999999999883e-32
2.754230000000000000e+06 1.704111999999999977e-32
2.884030000000000000e+06 1.740743999999999952e-32
3.019950000000000000e+06 1.778136000000000006e-32
3.162280000000000000e+06 1.816335999999999943e-32
3.311310000000000000e+06 1.855095999999999808e-32
3.467370000000000000e+06 1.894711999999999911e-32
3.630780000000000000e+06 1.934799999999999886e-32
3.801890000000000000e+06 1.975599999999999860e-32
3.981070000000000000e+06 2.017367999999999892e-32
4.168690000000000000e+06 2.059743999999999931e-32
4.365160000000000000e+06 2.103015999999999910e-32
4.570880000000000000e+06 2.146928000000000041e-32
4.786300000000000000e+06 2.191624000000000016e-32
5.011870000000000000e+06 2.237120000000000044e-32
5.248070000000000000e+06 2.283191999999999935e-32
5.495410000000000000e+06 2.330495999999999776e-32
5.754400000000000000e+06 2.378279999999999868e-32
6.025600000000000000e+06 2.426919999999999925e-32
6.309570000000000000e+06 2.476719999999999811e-32
6.606930000000000000e+06 2.527288000000000154e-32
6.918310000000000000e+06 2.578503999999999933e-32
7.244360000000000000e+06 2.630935999999999726e-32
7.585780000000000000e+06 2.683871999999999811e-32
7.943280000000000000e+06 2.738159999999999771e-32
8.317640000000000000e+06 2.793047999999999635e-32
8.709640000000000000e+06 2.848927999999999871e-32
9.120110000000000000e+06 2.905872000000000052e-32
9.549930000000000000e+06 2.964064000000000118e-32
1.000000000000000000e+07 3.022687999999999808e-32
1.047130000000000000e+07 3.082840000000000033e-32
1.096480000000000000e+07 3.143711999999999812e-32
1.148150000000000000e+07 3.205527999999999884e-32
1.202260000000000000e+07 3.268351999999999990e-32
1.258930000000000000e+07 3.332791999999999864e-32
1.318260000000000000e+07 3.397951999999999841e-32
1.380380000000000000e+07 3.464199999999999802e-32
1.445440000000000000e+07 3.531527999999999917e-32
1.513560000000000000e+07 3.600096000000000087e-32
1.584890000000000000e+07 3.669591999999999794e-32
1.659590000000000000e+07 3.740415999999999884e-32
1.737800000000000000e+07 3.812727999999999712e-32
1.819700000000000000e+07 3.885799999999999891e-32
1.905460000000000000e+07 3.960287999999999688e-32
1.995260000000000000e+07 4.036055999999999789e-32
2.089300000000000000e+07 4.113063999999999945e-32
2.187760000000000000e+07 4.190967999999999766e-32
2.290870000000000000e+07 4.270447999999999654e-32
2.398830000000000000e+07 4.351456000000000076e-32
2.511890000000000000e+07 4.433648000000000095e-32
2.630270000000000000e+07 4.517191999999999990e-32
2.754230000000000000e+07 4.601999999999999980e-32
2.884030000000000000e+07 4.688159999999999846e-32
3.019950000000000000e+07 4.775639999999999718e-32
3.162280000000000000e+07 4.864999999999999797e-32
3.311310000000000000e+07 4.955271999999999750e-32
3.467370000000000000e+07 5.047343999999999960e-32
3.630780000000000000e+07 5.140671999999999339e-32
3.801890000000000000e+07 5.235799999999999522e-32
3.981070000000000000e+07 5.332479999999999731e-32
4.168690000000000000e+07 5.430423999999999488e-32
4.365160000000000000e+07 5.530295999999999531e-32
4.570880000000000000e+07 5.631592000000000118e-32
4.786300000000000000e+07 5.734455999999999299e-32
5.011870000000000000e+07 5.839007999999999462e-32
5.248070000000000000e+07 5.945095999999999989e-32
5.495410000000000000e+07 6.053487999999999970e-32
5.754400000000000000e+07 6.162711999999999874e-32
6.025600000000000000e+07 6.274359999999999429e-32
6.309570000000000000e+07 6.387679999999999211e-32
6.606930000000000000e+07 6.502247999999999974e-32
6.918310000000000000e+07 6.619256000000000050e-32
7.244360000000000000e+07 6.737976000000000054e-32
7.585780000000000000e+07 6.858327999999999487e-32
7.943280000000000000e+07 6.980744000000000164e-32
8.317640000000000000e+07 7.105351999999999376e-32
8.709640000000000000e+07 7.231439999999999590e-32
9.120110000000000000e+07 7.359303999999999473e-32
9.549930000000000000e+07 7.489303999999999624e-32
1.000000000000000000e+08 7.621895999999999707e-32
1.047130000000000000e+08 7.755983999999999357e-32
1.096480000000000000e+08 7.893143999999999738e-32
1.148150000000000000e+08 8.030983999999999424e-32
1.202260000000000000e+08 8.171767999999999262e-32
1.258930000000000000e+08 8.314647999999999667e-32
1.318260000000000000e+08 8.459623999999999543e-32
1.380380000000000000e+08 8.606591999999999447e-32
1.445440000000000000e+08 8.756271999999999482e-32
1.513560000000000000e+08 8.908000000000000003e-32
1.584890000000000000e+08 9.062239999999999958e-32
1.659590000000000000e+08 9.218783999999999365e-32
1.737800000000000000e+08 9.377639999999999698e-32
1.819700000000000000e+08 9.539175999999999743e-32
1.905460000000000000e+08 9.703047999999999659e-32
1.995260000000000000e+08 9.869183999999999325e-32
2.089300000000000000e+08 1.003744799999999888e-31
2.187760000000000000e+08 1.020917599999999909e-31
2.290870000000000000e+08 1.038312000000000006e-31
2.398830000000000000e+08 1.055970399999999886e-31
2.511890000000000000e+08 1.073855999999999997e-31
2.630270000000000000e+08 1.092063199999999986e-31
2.754230000000000000e+08 1.110550399999999858e-31
2.884030000000000000e+08 1.129258399999999877e-31
3.019950000000000000e+08 1.148227199999999965e-31
3.162280000000000000e+08 1.167508800000000062e-31
3.311310000000000000e+08 1.187100000000000018e-31
3.467370000000000000e+08 1.207069600000000018e-31
3.630780000000000000e+08 1.227171200000000020e-31
3.801890000000000000e+08 1.247664000000000015e-31
3.981070000000000000e+08 1.268471199999999876e-31
4.168690000000000000e+08 1.289517599999999988e-31
4.365160000000000000e+08 1.310887200000000055e-31
4.570880000000000000e+08 1.332587199999999868e-31
4.786300000000000000e+08 1.354647199999999842e-31
5.011870000000000000e+08 1.376960799999999872e-31
5.248070000000000000e+08 1.399696000000000020e-31
5.495410000000000000e+08 1.422704799999999966e-31
5.754400000000000000e+08 1.446022399999999841e-31
6.025600000000000000e+08 1.469762399999999981e-31
6.309570000000000000e+08 1.493791199999999872e-31
6.606930000000000000e+08 1.518194399999999947e-31
6.918310000000000000e+08 1.542899199999999940e-31
7.244360000000000000e+08 1.567960000000000014e-31
7.585780000000000000e+08 1.593435999999999903e-31
7.943280000000000000e+08 1.619255999999999852e-31
8.317640000000000000e+08 1.645463999999999864e-31
8.709640000000000000e+08 1.672079999999999896e-31
9.120110000000000000e+08 1.698983999999999970e-31
9.549930000000000000e+08 1.726295999999999847e-31
1.000000000000000000e+09 1.754063999999999825e-31
1.047130000000000000e+09 1.782159999999999983e-31
1.096480000000000000e+09 1.810712000000000024e-31
1.148150000000000000e+09 1.839543999999999947e-31
1.202260000000000000e+09 1.868951999999999952e-31
1.258930000000000000e+09 1.898831999999999938e-31
1.318260000000000000e+09 1.928927999999999847e-31
1.380380000000000000e+09 1.959639999999999976e-31
1.445440000000000000e+09 1.990703999999999889e-31
1.513560000000000000e+09 2.022023999999999862e-31
1.584890000000000000e+09 2.054080000000000037e-31
1.659590000000000000e+09 2.086463999999999736e-31
1.737800000000000000e+09 2.119359999999999994e-31
1.819700000000000000e+09 2.152600000000000095e-31
1.905460000000000000e+09 2.186399999999999959e-31
1.995260000000000000e+09 2.220647999999999984e-31
2.089300000000000000e+09 2.255375999999999932e-31
2.187760000000000000e+09 2.290528000000000000e-31
2.290870000000000000e+09 2.326175999999999872e-31
2.398830000000000000e+09 2.362383999999999946e-31
2.511890000000000000e+09 2.398951999999999742e-31
2.630270000000000000e+09 2.436143999999999700e-31
2.754230000000000000e+09 2.473711999999999699e-31
2.884030000000000000e+09 2.512015999999999901e-31
3.019950000000000000e+09 2.550767999999999826e-31
3.162280000000000000e+09 2.589879999999999911e-31
3.311310000000000000e+09 2.629808000000000040e-31
3.467370000000000000e+09 2.670159999999999852e-31
3.630780000000000000e+09 2.711007999999999905e-31
3.801890000000000000e+09 2.752511999999999881e-31
3.981070000000000000e+09 2.794471999999999740e-31
4.168690000000000000e+09 2.837031999999999721e-31
4.365160000000000000e+09 2.880207999999999704e-31
4.570880000000000000e+09 2.924023999999999730e-31
4.786300000000000000e+09 2.968143999999999678e-31
5.011870000000000000e+09 3.013135999999999907e-31
5.248070000000000000e+09 3.058687999999999901e-31
5.495410000000000000e+09 3.104831999999999857e-31
5.754400000000000000e+09 3.151448000000000014e-31
6.025600000000000000e+09 3.198799999999999935e-31
6.309570000000000000e+09 3.246807999999999780e-31
6.606930000000000000e+09 3.295311999999999865e-31
6.918310000000000000e+09 3.344511999999999794e-31
7.244360000000000000e+09 3.394375999999999806e-31
7.585780000000000000e+09 3.444951999999999980e-31
7.943280000000000000e+09 3.496072000000000036e-31
8.317640000000000000e+09 3.547743999999999697e-31
8.709640000000000000e+09 3.600159999999999719e-31
9.120110000000000000e+09 3.653319999999999665e-31
9.549930000000000000e+09 3.707079999999999733e-31
1.000000000000000000e+10 3.761679999999999884e-31
1.047130000000000000e+10 3.816759999999999958e-31
1.096480000000000000e+10 3.872679999999999676e-31
1.148150000000000000e+10 3.929183999999999636e-31
1.202260000000000000e+10 3.986487999999999759e-31
1.258930000000000000e+10 4.044455999999999526e-31
1.318260000000000000e+10 4.103135999999999893e-31
1.380380000000000000e+10 4.162376000000000024e-31
1.445440000000000000e+10 4.222535999999999641e-31
1.513560000000000000e+10 4.283519999999999461e-31
1.584890000000000000e+10 4.344935999999999999e-31
1.659590000000000000e+10 4.407296000000000063e-31
1.737800000000000000e+10 4.470295999999999732e-31
1.819700000000000000e+10 4.534080000000000121e-31
1.905460000000000000e+10 4.598743999999999638e-31
1.995260000000000000e+10 4.663784000000000072e-31
2.089300000000000000e+10 4.729847999999999873e-31
2.187760000000000000e+10 4.796615999999999677e-31
2.290870000000000000e+10 4.864023999999999962e-31
2.398830000000000000e+10 4.932207999999999493e-31
2.511890000000000000e+10 5.001247999999999865e-31
2.630270000000000000e+10 5.070896000000000079e-31
2.754230000000000000e+10 5.141423999999999422e-31
2.884030000000000000e+10 5.212663999999999364e-31
3.019950000000000000e+10 5.284799999999999629e-31
3.162280000000000000e+10 5.357343999999999697e-31
3.311310000000000000e+10 5.430815999999999848e-31
3.467370000000000000e+10 5.504959999999999365e-31
3.630780000000000000e+10 5.580095999999999363e-31
3.801890000000000000e+10 5.655840000000000081e-31
3.981070000000000000e+10 5.732263999999999887e-31
4.168690000000000000e+10 5.809071999999999455e-31
4.365160000000000000e+10 5.887135999999999944e-31
4.570880000000000000e+10 5.965712000000000116e-31
4.786300000000000000e+10 6.044903999999999854e-31
5.011870000000000000e+10 6.124760000000000111e-31
5.248070000000000000e+10 6.205343999999999536e-31
5.495410000000000000e+10 6.286600000000000078e-31
5.754400000000000000e+10 6.368503999999999946e-31
6.025600000000000000e+10 6.451095999999999499e-31
6.309570000000000000e+10 6.534247999999999691e-31
6.606930000000000000e+10 6.618191999999999448e-31
6.918310000000000000e+10 6.702455999999999446e-31
7.244360000000000000e+10 6.787487999999999845e-31
7.585780000000000000e+10 6.873128000000000087e-31
7.943280000000000000e+10 6.959343999999999536e-31
8.317640000000000000e+10 7.046071999999999544e-31
8.709640000000000000e+10 7.132847999999999632e-31
9.120110000000000000e+10 7.220703999999999764e-31
9.549930000000000000e+10 7.308680000000000096e-31
1.000000000000000000e+11 7.397103999999999713e-31
1.047130000000000000e+11 7.486015999999999849e-31
1.096480000000000000e+11 7.575511999999999789e-31
1.148150000000000000e+11 7.665079999999999849e-31
1.202260000000000000e+11 7.755159999999999593e-31
1.258930000000000000e+11 7.845479999999999735e-31
1.318260000000000000e+11 7.936008000000000516e-31
1.380380000000000000e+11 8.026975999999999984e-31
1.445440000000000000e+11 8.118199999999999295e-31
1.513560000000000000e+11 8.209319999999999600e-31
1.584890000000000000e+11 8.300711999999999190e-31
1.659590000000000000e+11 8.392183999999999497e-31
1.737800000000000000e+11 8.483703999999999883e-31
1.819700000000000000e+11 8.575248000000000310e-31
1.905460000000000000e+11 8.666791999999998984e-31
1.995260000000000000e+11 8.758551999999999770e-31
2.089300000000000000e+11 8.849879999999999837e-31
2.187760000000000000e+11 8.941304000000000064e-31
2.290870000000000000e+11 9.032687999999999057e-31
2.398830000000000000e+11 9.123615999999999043e-31
2.511890000000000000e+11 9.214431999999999426e-31
2.630270000000000000e+11 9.304983999999999371e-31
2.754230000000000000e+11 9.395360000000000191e-31
2.884030000000000000e+11 9.485063999999999893e-31
3.019950000000000000e+11 9.574704000000000072e-31
3.162280000000000000e+11 9.663583999999999572e-31
3.311310000000000000e+11 9.752351999999999469e-31
3.467370000000000000e+11 9.840551999999999005e-31
3.630780000000000000e+11 9.928256000000000053e-31
3.801890000000000000e+11 1.001514399999999974e-30
3.981070000000000000e+11 1.010175199999999955e-30
4.168690000000000000e+11 1.018759199999999983e-30
4.365160000000000000e+11 1.027263999999999880e-30
4.570880000000000000e+11 1.035716000000000039e-30
4.786300000000000000e+11 1.044109600000000043e-30
5.011870000000000000e+11 1.052393599999999922e-30
5.248070000000000000e+11 1.060615999999999933e-30
5.495410000000000000e+11 1.068748799999999912e-30
5.754400000000000000e+11 1.076799999999999930e-30
6.025600000000000000e+11 1.084771199999999932e-30
6.309570000000000000e+11 1.092646399999999949e-30
6.606930000000000000e+11 1.100437600000000002e-30
6.918310000000000000e+11 1.108134400000000015e-30
7.244360000000000000e+11 1.115738399999999931e-30
7.585780000000000000e+11 1.123231199999999955e-30
7.943280000000000000e+11 1.130634399999999946e-30
8.317640000000000000e+11 1.137953599999999973e-30
8.709640000000000000e+11 1.145135199999999888e-30
9.120110000000000000e+11 1.152239199999999966e-30
9.549930000000000000e+11 1.159216799999999892e-30
1.000000000000000000e+12 1.159216799999999892e-30
