1.000000000000000000e+02 8.959104000000000095e-36
1.047129999999999939e+02 9.394958999999999194e-36
1.096479999999999961e+02 9.849447999999999214e-36
1.148149999999999977e+02 1.032684799999999948e-35
1.202259999999999991e+02 1.082507999999999812e-35
1.258930000000000007e+02 1.134563499999999873e-35
1.318259999999999934e+02 1.189059899999999891e-35
1.380380000000000109e+02 1.246153299999999965e-35
1.445440000000000111e+02 1.305644199999999999e-35
1.513559999999999945e+02 1.368060399999999694e-35
1.584890000000000043e+02 1.433180000000000049e-35
1.659590000000000032e+02 1.501324299999999858e-35
1.737800000000000011e+02 1.572820899999999820e-35
1.819699999999999989e+02 1.646925699999999958e-35
1.905459999999999923e+02 1.725126899999999959e-35
1.995260000000000105e+02 1.806373799999999705e-35
2.089300000000000068e+02 1.891440599999999930e-35
2.187760000000000105e+02 1.980653500000000048e-35
2.290869999999999891e+02 2.073729000000000133e-35
2.398830000000000098e+02 2.170860999999999686e-35
2.511889999999999930e+02 2.272521999999999922e-35
2.630269999999999868e+02 2.378557999999999860e-35
2.754230000000000018e+02 2.489899999999999773e-35
2.884030000000000200e+02 2.605952999999999776e-35
3.019950000000000045e+02 2.727213999999999909e-35
3.162280000000000086e+02 2.854208000000000509e-35
3.311309999999999718e+02 2.986276999999999748e-35
3.467370000000000232e+02 3.125079999999999809e-35
3.630779999999999745e+02 3.269168000000000355e-35
3.801890000000000214e+02 3.420459000000000392e-35
3.981070000000000277e+02 3.578400000000000084e-35
4.168690000000000282e+02 3.742962999999999398e-35
4.365160000000000196e+02 3.915736999999999901e-35
4.570880000000000223e+02 4.095216999999999590e-35
4.786299999999999955e+02 4.283418999999999720e-35
5.011870000000000118e+02 4.479726999999999581e-35
5.248070000000000164e+02 4.684771000000000435e-35
5.495410000000000537e+02 4.898222000000000032e-35
5.754400000000000546e+02 5.121731999999999742e-35
6.025599999999999454e+02 5.355048999999999809e-35
6.309569999999999936e+02 5.597591999999999297e-35
6.606929999999999836e+02 5.852090999999999751e-35
6.918310000000000173e+02 6.117629000000000914e-35
7.244360000000000355e+02 6.395003999999998898e-35
7.585779999999999745e+02 6.683193999999999471e-35
7.943279999999999745e+02 6.983479999999999034e-35
8.317640000000000100e+02 7.297625999999999622e-35
8.709640000000000555e+02 7.625400999999999098e-35
9.120109999999999673e+02 7.967924999999999822e-35
9.549930000000000518e+02 8.323224000000000053e-35
1.000000000000000000e+03 8.695673000000000293e-35
1.047130000000000109e+03 9.082506999999999224e-35
1.096480000000000018e+03 9.486371999999999365e-35
1.148150000000000091e+03 9.906301999999999066e-35
1.202259999999999991e+03 1.034583899999999867e-34
1.258930000000000064e+03 1.080239300000000001e-34
1.318259999999999991e+03 1.127788199999999833e-34
1.380380000000000109e+03 1.177279599999999902e-34
1.445440000000000055e+03 1.228855599999999972e-34
1.513559999999999945e+03 1.282421700000000012e-34
1.584890000000000100e+03 1.338483999999999778e-34
1.659589999999999918e+03 1.396679900000000082e-34
1.737799999999999955e+03 1.457265599999999776e-34
1.819700000000000045e+03 1.520248099999999884e-34
1.905460000000000036e+03 1.585753399999999801e-34
1.995259999999999991e+03 1.653863399999999812e-34
2.089300000000000182e+03 1.724811199999999728e-34
2.187760000000000218e+03 1.798208299999999718e-34
2.290869999999999891e+03 1.874595799999999738e-34
2.398829999999999927e+03 1.953965999999999965e-34
2.511889999999999873e+03 2.036608000000000065e-34
2.630269999999999982e+03 2.122196999999999877e-34
2.754230000000000018e+03 2.211173999999999535e-34
2.884030000000000200e+03 2.303511000000000077e-34
3.019949999999999818e+03 2.399306000000000012e-34
3.162280000000000200e+03 2.498349000000000274e-34
3.311309999999999945e+03 2.601473000000000166e-34
3.467369999999999891e+03 2.707970999999999996e-34
3.630780000000000200e+03 2.818521999999999637e-34
3.801889999999999873e+03 2.933153999999999765e-34
3.981070000000000164e+03 3.052118999999999601e-34
4.168689999999999600e+03 3.175137000000000103e-34
4.365159999999999854e+03 3.302249999999999718e-34
4.570880000000000109e+03 3.433898999999999863e-34
4.786300000000000182e+03 3.570524999999999817e-34
5.011869999999999891e+03 3.711715000000000120e-34
5.248069999999999709e+03 3.857580999999999617e-34
5.495409999999999854e+03 4.007927000000000007e-34
5.754399999999999636e+03 4.163809999999999569e-34
6.025600000000000364e+03 4.325124999999999840e-34
6.309569999999999709e+03 4.491255999999999681e-34
6.606930000000000291e+03 4.662419999999999395e-34
6.918310000000000400e+03 4.840164000000000074e-34
7.244359999999999673e+03 5.021968000000000947e-34
7.585779999999999745e+03 5.210722999999999523e-34
7.943279999999999745e+03 5.404923999999998718e-34
8.317639999999999418e+03 5.605649000000000094e-34
8.709639999999999418e+03 5.811889999999999069e-34
9.120110000000000582e+03 6.025459999999999283e-34
9.549930000000000291e+03 6.243978999999999061e-34
1.000000000000000000e+04 6.470505999999999098e-34
1.047129999999999927e+04 6.702667999999999384e-34
1.096479999999999927e+04 6.940941000000000252e-34
1.148150000000000000e+04 7.187886999999999635e-34
1.202260000000000036e+04 7.441216999999999541e-34
1.258929999999999927e+04 7.701000999999999518e-34
1.318260000000000036e+04 7.968778999999999846e-34
1.380379999999999927e+04 8.243669000000000254e-34
1.445439999999999964e+04 8.525985999999997846e-34
1.513560000000000036e+04 8.816695999999998334e-34
1.584889999999999964e+04 9.114167999999999461e-34
1.659590000000000146e+04 9.421383999999999002e-34
1.737800000000000000e+04 9.735746999999999252e-34
1.819700000000000000e+04 1.005713800000000013e-33
1.905459999999999854e+04 1.038848299999999806e-33
1.995259999999999854e+04 1.072775899999999845e-33
2.089300000000000000e+04 1.107659700000000016e-33
2.187759999999999854e+04 1.143380700000000061e-33
2.290870000000000073e+04 1.180001899999999916e-33
2.398829999999999927e+04 1.217596099999999964e-33
2.511890000000000146e+04 1.255967999999999845e-33
2.630270000000000073e+04 1.295436799999999885e-33
2.754229999999999927e+04 1.335826799999999941e-33
2.884029999999999927e+04 1.377126799999999913e-33
3.019950000000000000e+04 1.419325599999999875e-33
3.162279999999999927e+04 1.462623399999999896e-33
3.311309999999999854e+04 1.507028599999999753e-33
3.467369999999999709e+04 1.552490800000000112e-33
3.630780000000000291e+04 1.598969400000000041e-33
3.801890000000000146e+04 1.646598099999999784e-33
3.981069999999999709e+04 1.695119299999999984e-33
4.168690000000000146e+04 1.744980999999999791e-33
4.365159999999999854e+04 1.795877999999999815e-33
4.570880000000000291e+04 1.847993000000000153e-33
4.786300000000000000e+04 1.901290999999999836e-33
5.011869999999999709e+04 1.955590000000000043e-33
5.248069999999999709e+04 2.011295999999999852e-33
5.495409999999999854e+04 2.068346000000000187e-33
5.754400000000000000e+04 2.126362000000000075e-33
6.025600000000000000e+04 2.186071999999999587e-33
6.309569999999999709e+04 2.246593999999999993e-33
6.606930000000000291e+04 2.308649000000000211e-33
6.918310000000000582e+04 2.372250999999999809e-33
7.244360000000000582e+04 2.437224999999999750e-33
7.585780000000000291e+04 2.503571000000000034e-33
7.943280000000000291e+04 2.571331000000000389e-33
8.317639999999999418e+04 2.640596000000000395e-33
8.709639999999999418e+04 2.711477999999999670e-33
9.120110000000000582e+04 2.783591999999999852e-33
9.549930000000000291e+04 2.857148000000000266e-33
1.000000000000000000e+05 2.932446999999999473e-33
1.047130000000000000e+05 3.009404999999999729e-33
1.096480000000000000e+05 3.087881999999999887e-33
1.148150000000000000e+05 3.167954999999999621e-33
1.202260000000000000e+05 3.250071999999999104e-33
1.258930000000000000e+05 3.333406999999999245e-33
1.318260000000000000e+05 3.419296999999999073e-33
1.380380000000000000e+05 3.506293000000000283e-33
1.445440000000000000e+05 3.595486999999999904e-33
1.513560000000000000e+05 3.686038999999999958e-33
1.584890000000000000e+05 3.779118000000000565e-33
1.659590000000000000e+05 3.873407999999999993e-33
1.737800000000000000e+05 3.970155000000000085e-33
1.819700000000000000e+05 4.068805999999999467e-33
1.905460000000000000e+05 4.169514999999999534e-33
1.995260000000000000e+05 4.272358999999999958e-33
2.089300000000000000e+05 4.377247000000000817e-33
2.187760000000000000e+05 4.484731999999999380e-33
2.290870000000000000e+05 4.594176999999999606e-33
2.398830000000000000e+05 4.705778000000000224e-33
2.511890000000000000e+05 4.819688999999999210e-33
2.630270000000000000e+05 4.935902999999998832e-33
2.754230000000000000e+05 5.054216999999999210e-33
2.884030000000000000e+05 5.175254000000000239e-33
3.019950000000000000e+05 5.298978999999998895e-33
3.162280000000000000e+05 5.424929999999999885e-33
3.311310000000000000e+05 5.553708999999998963e-33
3.467370000000000000e+05 5.684161000000001052e-33
3.630780000000000000e+05 5.818518999999998689e-33
3.801890000000000000e+05 5.955018999999998519e-33
3.981070000000000000e+05 6.093933999999998944e-33
4.168690000000000000e+05 6.236460999999999901e-33
4.365160000000000000e+05 6.381185999999999269e-33
4.570880000000000000e+05 6.529229000000000048e-33
4.786300000000000000e+05 6.679988000000000327e-33
5.011870000000000000e+05 6.833938999999999071e-33
5.248070000000000000e+05 6.990998000000000247e-33
5.495410000000000000e+05 7.149855999999999853e-33
5.754400000000000000e+05 7.313719000000000027e-33
6.025600000000000000e+05 7.480410000000000343e-33
6.309570000000000000e+05 7.650293000000000493e-33
6.606930000000000000e+05 7.822913000000000178e-33
6.918310000000000000e+05 8.000103999999998796e-33
7.244360000000000000e+05 8.180081000000000223e-33
7.585780000000000000e+05 8.363418000000000395e-33
7.943280000000000000e+05 8.549974999999999536e-33
8.317640000000000000e+05 8.741124000000000383e-33
8.709640000000000000e+05 8.936025000000000171e-33
9.120110000000000000e+05 9.133865999999999375e-33
9.549930000000000000e+05 9.336117000000000438e-33
1.000000000000000000e+06 9.543134999999999849e-33
1.047130000000000000e+06 9.752869000000001496e-33
1.096480000000000000e+06 9.967446999999999795e-33
1.148150000000000000e+06 1.018579799999999981e-32
1.202260000000000000e+06 1.040816699999999875e-32
1.258930000000000000e+06 1.063497400000000142e-32
1.318260000000000000e+06 1.086729000000000002e-32
1.380380000000000000e+06 1.110173400000000125e-32
1.445440000000000000e+06 1.134134399999999875e-32
1.513560000000000000e+06 1.158622499999999955e-32
1.584890000000000000e+06 1.183637699999999953e-32
1.659590000000000000e+06 1.209094600000000047e-32
1.737800000000000000e+06 1.234991799999999870e-32
1.819700000000000000e+06 1.261295000000000003e-32
1.905460000000000000e+06 1.288182000000000012e-32
1.995260000000000000e+06 1.315549899999999726e-32
2.089300000000000000e+06 1.343474299999999818e-32
2.187760000000000000e+06 1.371887299999999719e-32
2.290870000000000000e+06 1.400748999999999910e-32
2.398830000000000000e+06 1.430271499999999923e-32
2.511890000000000000e+06 1.460295899999999949e-32
2.630270000000000000e+06 1.490839000000000017e-32
2.754230000000000000e+06 1.522142999999999890e-32
2.884030000000000000e+06 1.553762000000000014e-32
3.019950000000000000e+06 1.586080999999999842e-32
3.162280000000000000e+06 1.619050999999999931e-32
3.311310000000000000e+06 1.652531999999999958e-32
3.467370000000000000e+06 1.686768999999999874e-32
3.630780000000000000e+06 1.721440000000000055e-32
3.801890000000000000e+06 1.756712999999999960e-32
3.981070000000000000e+06 1.792881999999999804e-32
4.168690000000000000e+06 1.829463999999999879e-32
4.365160000000000000e+06 1.866928000000000052e-32
4.570880000000000000e+06 1.905057000000000054e-32
4.786300000000000000e+06 1.943661999999999844e-32
5.011870000000000000e+06 1.983043999999999831e-32
5.248070000000000000e+06 2.022992999999999940e-32
5.495410000000000000e+06 2.064054999999999984e-32
5.754400000000000000e+06 2.105410999999999970e-32
6.025600000000000000e+06 2.147557999999999994e-32
6.309570000000000000e+06 2.190684999999999823e-32
6.606930000000000000e+06 2.234511999999999903e-32
6.918310000000000000e+06 2.279038999999999962e-32
7.244360000000000000e+06 2.324489999999999915e-32
7.585780000000000000e+06 2.370535999999999945e-32
7.943280000000000000e+06 2.417694999999999910e-32
8.317640000000000000e+06 2.465280999999999947e-32
8.709640000000000000e+06 2.513868000000000098e-32
9.120110000000000000e+06 2.563329999999999879e-32
9.549930000000000000e+06 2.613785999999999853e-32
1.000000000000000000e+07 2.664738999999999924e-32
1.047130000000000000e+07 2.717028999999999846e-32
1.096480000000000000e+07 2.769878999999999970e-32
1.148150000000000000e+07 2.823680999999999670e-32
1.202260000000000000e+07 2.878414000000000005e-32
1.258930000000000000e+07 2.934357999999999983e-32
1.318260000000000000e+07 2.991008999999999859e-32
1.380380000000000000e+07 3.048723999999999680e-32
1.445440000000000000e+07 3.107468000000000117e-32
1.513560000000000000e+07 3.167030999999999726e-32
1.584890000000000000e+07 3.227469000000000061e-32
1.659590000000000000e+07 3.289271999999999929e-32
1.737800000000000000e+07 3.352159999999999777e-32
1.819700000000000000e+07 3.415824999999999822e-32
1.905460000000000000e+07 3.480693999999999862e-32
1.995260000000000000e+07 3.546605999999999812e-32
2.089300000000000000e+07 3.613673000000000040e-32
2.187760000000000000e+07 3.681551999999999795e-32
2.290870000000000000e+07 3.750879999999999769e-32
2.398830000000000000e+07 3.821482000000000037e-32
2.511890000000000000e+07 3.893056999999999917e-32
2.630270000000000000e+07 3.966004000000000070e-32
2.754230000000000000e+07 4.039812000000000014e-32
2.884030000000000000e+07 4.114991999999999684e-32
3.019950000000000000e+07 4.191277999999999917e-32
3.162280000000000000e+07 4.269264999999999694e-32
3.311310000000000000e+07 4.347958999999999917e-32
3.467370000000000000e+07 4.428353999999999684e-32
3.630780000000000000e+07 4.509812999999999944e-32
3.801890000000000000e+07 4.592783999999999981e-32
3.981070000000000000e+07 4.677176000000000009e-32
4.168690000000000000e+07 4.762512999999999966e-32
4.365160000000000000e+07 4.849627999999999961e-32
4.570880000000000000e+07 4.938205999999999469e-32
4.786300000000000000e+07 5.028008999999999555e-32
5.011870000000000000e+07 5.119254000000000214e-32
5.248070000000000000e+07 5.211990000000000068e-32
5.495410000000000000e+07 5.306426999999999467e-32
5.754400000000000000e+07 5.401921000000000258e-32
6.025600000000000000e+07 5.499227999999999321e-32
6.309570000000000000e+07 5.598249999999999410e-32
6.606930000000000000e+07 5.698419999999999585e-32
6.918310000000000000e+07 5.800424000000000254e-32
7.244360000000000000e+07 5.904191999999999478e-32
7.585780000000000000e+07 6.009409000000000017e-32
7.943280000000000000e+07 6.116382999999999464e-32
8.317640000000000000e+07 6.225120999999999654e-32
8.709640000000000000e+07 6.335356999999999782e-32
9.120110000000000000e+07 6.446901999999999531e-32
9.549930000000000000e+07 6.560518999999999807e-32
1.000000000000000000e+08 6.676333999999999724e-32
1.047130000000000000e+08 6.793639999999999931e-32
1.096480000000000000e+08 6.913143999999999779e-32
1.148150000000000000e+08 7.033852000000000169e-32
1.202260000000000000e+08 7.157030999999999560e-32
1.258930000000000000e+08 7.282009000000000117e-32
1.318260000000000000e+08 7.408414999999999765e-32
1.380380000000000000e+08 7.536956000000000045e-32
1.445440000000000000e+08 7.667659999999999542e-32
1.513560000000000000e+08 7.800526999999999351e-32
1.584890000000000000e+08 7.935046000000000084e-32
1.659590000000000000e+08 8.072105999999999568e-32
1.737800000000000000e+08 8.211034999999999971e-32
1.819700000000000000e+08 8.352217999999999378e-32
1.905460000000000000e+08 8.495459000000000017e-32
1.995260000000000000e+08 8.640344999999999744e-32
2.089300000000000000e+08 8.787848999999999809e-32
2.187760000000000000e+08 8.937921999999999403e-32
2.290870000000000000e+08 9.090199999999999379e-32
2.398830000000000000e+08 9.244052999999999785e-32
2.511890000000000000e+08 9.400944000000000134e-32
2.630270000000000000e+08 9.560130999999999558e-32
2.754230000000000000e+08 9.721662999999999961e-32
2.884030000000000000e+08 9.885154999999998880e-32
3.019950000000000000e+08 1.005134199999999863e-31
3.162280000000000000e+08 1.021991599999999943e-31
3.311310000000000000e+08 1.039114299999999881e-31
3.467370000000000000e+08 1.056556199999999911e-31
3.630780000000000000e+08 1.074149299999999974e-31
3.801890000000000000e+08 1.092067200000000066e-31
3.981070000000000000e+08 1.110267200000000043e-31
4.168690000000000000e+08 1.128663900000000056e-31
4.365160000000000000e+08 1.147386099999999953e-31
4.570880000000000000e+08 1.166358899999999902e-31
4.786300000000000000e+08 1.185620800000000039e-31
5.011870000000000000e+08 1.205205399999999984e-31
5.248070000000000000e+08 1.225068599999999880e-31
5.495410000000000000e+08 1.245170499999999882e-31
5.754400000000000000e+08 1.265578999999999956e-31
6.025600000000000000e+08 1.286335399999999878e-31
6.309570000000000000e+08 1.307354999999999874e-31
6.606930000000000000e+08 1.328665799999999842e-31
6.918310000000000000e+08 1.350307699999999851e-31
7.244360000000000000e+08 1.372248499999999991e-31
7.585780000000000000e+08 1.394519699999999878e-31
7.943280000000000000e+08 1.417093999999999904e-31
8.317640000000000000e+08 1.440033000000000026e-31
8.709640000000000000e+08 1.463343000000000035e-31
9.120110000000000000e+08 1.486855999999999870e-31
9.549930000000000000e+08 1.510740000000000031e-31
1.000000000000000000e+09 1.535015999999999895e-31
1.047130000000000000e+09 1.559586000000000028e-31
1.096480000000000000e+09 1.584617999999999835e-31
1.148150000000000000e+09 1.609790000000000021e-31
1.202260000000000000e+09 1.635549999999999871e-31
1.258930000000000000e+09 1.661652999999999927e-31
1.318260000000000000e+09 1.687994000000000013e-31
1.380380000000000000e+09 1.714831999999999977e-31
1.445440000000000000e+09 1.742040999999999829e-31
1.513560000000000000e+09 1.769431999999999909e-31
1.584890000000000000e+09 1.797466999999999893e-31
1.659590000000000000e+09 1.825823999999999829e-31
1.737800000000000000e+09 1.854586999999999856e-31
1.819700000000000000e+09 1.883643999999999934e-31
1.905460000000000000e+09 1.913260999999999994e-31
1.995260000000000000e+09 1.943248999999999942e-31
2.089300000000000000e+09 1.973565999999999707e-31
2.187760000000000000e+09 2.004422000000000076e-31
2.290870000000000000e+09 2.035515999999999819e-31
2.398830000000000000e+09 2.067198000000000102e-31
2.511890000000000000e+09 2.099208999999999765e-31
2.630270000000000000e+09 2.131751999999999728e-31
2.754230000000000000e+09 2.164609999999999777e-31
2.884030000000000000e+09 2.198161000000000103e-31
3.019950000000000000e+09 2.232019999999999773e-31
3.162280000000000000e+09 2.266333999999999908e-31
3.311310000000000000e+09 2.301194000000000075e-31
3.467370000000000000e+09 2.336550999999999901e-31
3.630780000000000000e+09 2.372327999999999988e-31
3.801890000000000000e+09 2.408518000000000031e-31
3.981070000000000000e+09 2.445316999999999773e-31
4.168690000000000000e+09 2.482465999999999806e-31
4.365160000000000000e+09 2.520266000000000045e-31
4.570880000000000000e+09 2.558626000000000048e-31
4.786300000000000000e+09 2.597223999999999863e-31
5.011870000000000000e+09 2.636612999999999825e-31
5.248070000000000000e+09 2.676407999999999879e-31
5.495410000000000000e+09 2.716776999999999865e-31
5.754400000000000000e+09 2.757558999999999808e-31
6.025600000000000000e+09 2.799047999999999760e-31
6.309570000000000000e+09 2.841047999999999977e-31
6.606930000000000000e+09 2.883495999999999917e-31
6.918310000000000000e+09 2.926538999999999825e-31
7.244360000000000000e+09 2.970065000000000099e-31
7.585780000000000000e+09 3.014346999999999878e-31
7.943280000000000000e+09 3.059133000000000057e-31
8.317640000000000000e+09 3.104360000000000094e-31
8.709640000000000000e+09 3.150188999999999964e-31
9.120110000000000000e+09 3.196669000000000041e-31
9.549930000000000000e+09 3.243814000000000056e-31
1.000000000000000000e+10 3.291518999999999834e-31
1.047130000000000000e+10 3.339755999999999913e-31
1.096480000000000000e+10 3.388713999999999732e-31
1.148150000000000000e+10 3.438084999999999946e-31
1.202260000000000000e+10 3.488261000000000038e-31
1.258930000000000000e+10 3.538877999999999988e-31
1.318260000000000000e+10 3.590299999999999817e-31
1.380380000000000000e+10 3.642162999999999942e-31
1.445440000000000000e+10 3.694774999999999706e-31
1.513560000000000000e+10 3.748114999999999951e-31
1.584890000000000000e+10 3.801818999999999780e-31
1.659590000000000000e+10 3.856397999999999896e-31
1.737800000000000000e+10 3.911593000000000015e-31
1.819700000000000000e+10 3.967306000000000265e-31
1.905460000000000000e+10 4.023942999999999424e-31
1.995260000000000000e+10 4.080936999999999615e-31
2.089300000000000000e+10 4.138651999999999983e-31
2.187760000000000000e+10 4.197129999999999723e-31
2.290870000000000000e+10 4.256077000000000096e-31
2.398830000000000000e+10 4.315766000000000244e-31
2.511890000000000000e+10 4.376182999999999558e-31
2.630270000000000000e+10 4.437026999999999437e-31
2.754230000000000000e+10 4.498717999999999703e-31
2.884030000000000000e+10 4.561081000000000210e-31
3.019950000000000000e+10 4.624207000000000088e-31
3.162280000000000000e+10 4.687836999999999929e-31
3.311310000000000000e+10 4.752026999999999534e-31
3.467370000000000000e+10 4.816881999999999514e-31
3.630780000000000000e+10 4.882577000000000015e-31
3.801890000000000000e+10 4.948908999999999678e-31
3.981070000000000000e+10 5.015814999999999712e-31
4.168690000000000000e+10 5.083015000000000235e-31
4.365160000000000000e+10 5.151222999999999806e-31
4.570880000000000000e+10 5.220060999999999550e-31
4.786300000000000000e+10 5.289283999999999787e-31
5.011870000000000000e+10 5.359206999999999729e-31
5.248070000000000000e+10 5.429752999999999978e-31
5.495410000000000000e+10 5.500761000000000118e-31
5.754400000000000000e+10 5.572454999999999356e-31
6.025600000000000000e+10 5.644771999999999776e-31
6.309570000000000000e+10 5.717522999999999750e-31
6.606930000000000000e+10 5.790945999999999965e-31
6.918310000000000000e+10 5.864613999999999859e-31
7.244360000000000000e+10 5.939100999999999800e-31
7.585780000000000000e+10 6.014042999999999768e-31
7.943280000000000000e+10 6.089439999999999763e-31
8.317640000000000000e+10 6.165271000000000188e-31
8.709640000000000000e+10 6.241304999999999345e-31
9.120110000000000000e+10 6.318115999999999355e-31
9.549930000000000000e+10 6.395129999999999850e-31
1.000000000000000000e+11 6.472549999999999560e-31
1.047130000000000000e+11 6.550354999999999764e-31
1.096480000000000000e+11 6.628586999999999657e-31
1.148150000000000000e+11 6.706895999999999823e-31
1.202260000000000000e+11 6.785680999999999613e-31
1.258930000000000000e+11 6.864837000000000167e-31
1.318260000000000000e+11 6.943985999999999979e-31
1.380380000000000000e+11 7.023610999999999414e-31
1.445440000000000000e+11 7.103515999999999607e-31
1.513560000000000000e+11 7.183147999999999784e-31
1.584890000000000000e+11 7.263073999999999575e-31
1.659590000000000000e+11 7.343195999999999983e-31
1.737800000000000000e+11 7.423191999999999305e-31
1.819700000000000000e+11 7.503376999999999380e-31
1.905460000000000000e+11 7.583498999999999788e-31
1.995260000000000000e+11 7.663683999999999863e-31
2.089300000000000000e+11 7.743609999999999653e-31
2.187760000000000000e+11 7.823710999999999589e-31
2.290870000000000000e+11 7.903553000000000115e-31
2.398830000000000000e+11 7.983198999999999148e-31
2.511890000000000000e+11 8.062600000000000254e-31
2.630270000000000000e+11 8.141832999999999330e-31
2.754230000000000000e+11 8.220919000000000351e-31
2.884030000000000000e+11 8.299388999999999179e-31
3.019950000000000000e+11 8.377866000000000501e-31
3.162280000000000000e+11 8.455607999999999287e-31
3.311310000000000000e+11 8.533279999999999416e-31
3.467370000000000000e+11 8.610405999999999513e-31
3.630780000000000000e+11 8.687167999999999588e-31
3.801890000000000000e+11 8.763327999999998954e-31
3.981070000000000000e+11 8.838997999999998965e-31
4.168690000000000000e+11 8.914093999999999482e-31
4.365160000000000000e+11 8.988657999999999697e-31
4.570880000000000000e+11 9.062542999999999805e-31
4.786300000000000000e+11 9.135903000000000354e-31
5.011870000000000000e+11 9.208485999999999172e-31
5.248070000000000000e+11 9.280522999999999710e-31
5.495410000000000000e+11 9.351523999999999110e-31
5.754400000000000000e+11 9.422132999999999025e-31
6.025600000000000000e+11 9.491754999999999488e-31
6.309570000000000000e+11 9.560725999999999307e-31
6.606930000000000000e+11 9.628835999999999007e-31
6.918310000000000000e+11 9.696091999999999331e-31
7.244360000000000000e+11 9.762612999999998870e-31
7.585780000000000000e+11 9.828244999999998829e-31
7.943280000000000000e+11 9.893092999999999820e-31
8.317640000000000000e+11 9.957079999999998940e-31
8.709640000000000000e+11 1.001996799999999901e-30
9.120110000000000000e+11 1.008205800000000037e-30
9.549930000000000000e+11 1.014318900000000000e-30
1.000000000000000000e+12 1.014318900000000000e-30
