100 85.3882
104.713 89.498
109.648 93.7756
114.815 98.2646
120.226 102.955
125.893 107.856
131.826 112.965
138.038 118.332
144.544 123.921
151.356 129.776
158.489 135.888
165.959 142.274
173.78 148.977
181.97 155.913
190.546 163.228
199.526 170.828
208.93 178.787
218.776 187.137
229.087 195.836
239.883 204.898
251.189 214.386
263.027 224.276
275.423 234.655
288.403 245.479
301.995 256.757
316.228 268.6
331.131 280.874
346.737 293.799
363.078 307.189
380.189 321.254
398.107 335.918
416.869 351.17
436.516 367.23
457.088 383.82
478.63 401.278
501.187 419.444
524.807 438.423
549.541 458.135
575.44 478.78
602.56 500.349
630.957 522.709
660.693 546.219
691.831 570.673
724.436 596.228
758.578 622.742
794.328 650.399
831.764 679.229
870.964 709.333
912.011 740.766
954.993 773.355
1000 807.416
1047.13 842.898
1096.48 879.829
1148.15 918.188
1202.26 958.35
1258.93 999.967
1318.26 1043.3
1380.38 1088.34
1445.44 1135.32
1513.56 1183.96
1584.89 1234.86
1659.59 1287.67
1737.8 1342.51
1819.7 1399.55
1905.46 1458.75
1995.26 1520.33
2089.3 1584.36
2187.76 1650.35
2290.87 1719.22
2398.83 1790.54
2511.89 1864.77
2630.27 1941.62
2754.23 2021.26
2884.03 2103.85
3019.95 2189.55
3162.28 2277.8
3311.31 2369.69
3467.37 2464.24
3630.78 2562.47
3801.89 2664.1
3981.07 2769.43
4168.69 2878.23
4365.16 2990.42
4570.88 3106.27
4786.3 3226.76
5011.87 3350.92
5248.07 3478.79
5495.41 3610.32
5754.4 3746.68
6025.6 3887.57
6309.57 4032.23
6606.93 4180.74
6918.31 4335.33
7244.36 4492.85
7585.78 4655.54
7943.28 4823.19
8317.64 4995.93
8709.64 5173.19
9120.11 5356.11
9549.93 5542.82
10000 5736.45
10471.3 5934.18
10964.8 6136.38
11481.5 6346.5
12022.6 6560.97
12589.3 6780.28
13182.6 7005.98
13803.8 7236.85
14454.4 7473.61
15135.6 7717.54
15848.9 7965.94
16595.9 8221.99
17378 8483.43
18197 8750.03
19054.6 9024.82
19952.6 9304.91
20893 9591.97
21877.6 9885.28
22908.7 10185.2
23988.3 10493.4
25118.9 10806
26302.7 11127.8
27542.3 11455.6
28840.3 11790.8
30199.5 12131.3
31622.8 12480
33113.1 12838.3
34673.7 13202.7
36307.8 13575.4
38018.9 13955.9
39810.7 14342.9
41686.9 14739.3
43651.6 15143.9
45708.8 15556.2
47863 15977
50118.7 16405.9
52480.7 16844.7
54954.1 17291.9
57544 17746.4
60256 18212.6
63095.7 18685.7
66069.3 19168.5
69183.1 19662.5
72443.6 20165.7
75857.8 20679.8
79432.8 21201.4
83176.4 21736.4
87096.4 22282.1
91201.1 22835.9
95499.3 23399.5
100000 23974.6
104713 24562.1
109648 25160.2
114815 25768.7
120226 26393.1
125893 27026
131826 27676.5
138038 28332.5
144544 29006.8
151356 29688.9
158489 30390
165959 31098
173780 31824.2
181970 32563.2
190546 33314.1
199526 34084.3
208930 34866.8
218776 35666.7
229087 36480.9
239883 37308.8
251189 38155.7
263027 39015.7
275423 39893.2
288403 40788.8
301995 41702
316228 42632.9
331131 43580.5
346737 44541.3
363078 45531.7
380189 46535.5
398107 47553.5
416869 48599.2
436516 49659.6
457088 50745.8
478630 51849.1
501187 52976.2
524807 54122.1
549541 55281.6
575440 56479.8
602560 57692.3
630957 58929.6
660693 60186.1
691831 61474
724436 62787.8
758578 64119.4
794328 65472.9
831764 66859.1
870964 68275.6
912011 69711.7
954993 71175.6
1e+06 72674.8
1.04713e+06 74194.6
1.09648e+06 75748.9
1.14815e+06 77329.2
1.20226e+06 78930.7
1.25893e+06 80574.1
1.31826e+06 82249.2
1.38038e+06 83945.6
1.44544e+06 85674.9
1.51356e+06 87437.2
1.58489e+06 89243.4
1.65959e+06 91076.3
1.7378e+06 92947.2
1.8197e+06 94842.8
1.90546e+06 96776.2
1.99526e+06 98750.9
2.0893e+06 100758
2.18776e+06 102803
2.29087e+06 104881
2.39883e+06 107007
2.51189e+06 109168
2.63027e+06 111359
2.75423e+06 113610
2.88403e+06 115883
3.01995e+06 118204
3.16228e+06 120578
3.31131e+06 122979
3.46737e+06 125439
3.63078e+06 127927
3.80189e+06 130456
3.98107e+06 133054
4.16869e+06 135679
4.36516e+06 138366
4.57088e+06 141103
4.7863e+06 143871
5.01187e+06 146698
5.24807e+06 149567
5.49541e+06 152504
5.7544e+06 155462
6.0256e+06 158483
6.30957e+06 161589
6.60693e+06 164722
6.91831e+06 167905
7.24436e+06 171162
7.58578e+06 174457
7.94328e+06 177843
8.31764e+06 181247
8.70964e+06 184728
9.12011e+06 188268
9.54993e+06 191880
1e+07 195531
1.04713e+07 199274
1.09648e+07 203061
1.14815e+07 206912
1.20226e+07 210821
1.25893e+07 214833
1.31826e+07 218896
1.38038e+07 223015
1.44544e+07 227225
1.51356e+07 231476
1.58489e+07 235801
1.65959e+07 240227
1.7378e+07 244730
1.8197e+07 249279
1.90546e+07 253932
1.99526e+07 258633
2.0893e+07 263433
2.18776e+07 268289
2.29087e+07 273246
2.39883e+07 278282
2.51189e+07 283418
2.63027e+07 288619
2.75423e+07 293908
2.88403e+07 299278
3.01995e+07 304728
3.16228e+07 310308
3.31131e+07 315925
3.46737e+07 321689
3.63078e+07 327509
3.80189e+07 333440
3.98107e+07 339470
4.16869e+07 345582
4.36516e+07 351801
4.57088e+07 358118
4.7863e+07 364554
5.01187e+07 371078
5.24807e+07 377701
5.49541e+07 384449
5.7544e+07 391292
6.0256e+07 398233
6.30957e+07 405313
6.60693e+07 412483
6.91831e+07 419764
7.24436e+07 427183
7.58578e+07 434700
7.94328e+07 442338
8.31764e+07 450122
8.70964e+07 458003
9.12011e+07 465960
9.54993e+07 474068
1e+08 482362
1.04713e+08 490740
1.09648e+08 499296
1.14815e+08 507916
1.20226e+08 516730
1.25893e+08 525653
1.31826e+08 534660
1.38038e+08 543880
1.44544e+08 553221
1.51356e+08 562699
1.58489e+08 572312
1.65959e+08 582099
1.7378e+08 592022
1.8197e+08 602104
1.90546e+08 612355
1.99526e+08 622710
2.0893e+08 633257
2.18776e+08 643985
2.29087e+08 654871
2.39883e+08 665859
2.51189e+08 677062
2.63027e+08 688431
2.75423e+08 699987
2.88403e+08 711662
3.01995e+08 723543
3.16228e+08 735578
3.31131e+08 747811
3.46737e+08 760270
3.63078e+08 772846
3.80189e+08 785656
3.98107e+08 798648
4.16869e+08 811776
4.36516e+08 825163
4.57088e+08 838731
4.7863e+08 852493
5.01187e+08 866466
5.24807e+08 880657
5.49541e+08 895045
5.7544e+08 909624
6.0256e+08 924413
6.30957e+08 939445
6.60693e+08 954694
6.91831e+08 970154
7.24436e+08 985834
7.58578e+08 1.00175e+06
7.94328e+08 1.01788e+06
8.31764e+08 1.03427e+06
8.70964e+08 1.05093e+06
9.12011e+08 1.0677e+06
9.54993e+08 1.08477e+06
1e+09 1.10213e+06
1.04713e+09 1.11967e+06
1.09648e+09 1.1376e+06
1.14815e+09 1.15555e+06
1.20226e+09 1.17394e+06
1.25893e+09 1.19262e+06
1.31826e+09 1.21142e+06
1.38038e+09 1.23064e+06
1.44544e+09 1.25004e+06
1.51356e+09 1.26959e+06
1.58489e+09 1.28962e+06
1.65959e+09 1.30987e+06
1.7378e+09 1.33043e+06
1.8197e+09 1.3512e+06
1.90546e+09 1.37232e+06
1.99526e+09 1.39381e+06
2.0893e+09 1.41544e+06
2.18776e+09 1.43746e+06
2.29087e+09 1.45972e+06
2.39883e+09 1.48236e+06
2.51189e+09 1.50521e+06
2.63027e+09 1.52846e+06
2.75423e+09 1.5519e+06
2.88403e+09 1.57589e+06
3.01995e+09 1.60012e+06
3.16228e+09 1.62462e+06
3.31131e+09 1.64954e+06
3.46737e+09 1.67473e+06
3.63078e+09 1.70032e+06
3.80189e+09 1.7262e+06
3.98107e+09 1.75247e+06
4.16869e+09 1.77901e+06
4.36516e+09 1.80605e+06
4.57088e+09 1.83342e+06
4.7863e+09 1.86097e+06
5.01187e+09 1.88913e+06
5.24807e+09 1.91763e+06
5.49541e+09 1.94647e+06
5.7544e+09 1.97553e+06
6.0256e+09 2.00519e+06
6.30957e+09 2.03514e+06
6.60693e+09 2.06553e+06
6.91831e+09 2.09625e+06
7.24436e+09 2.12738e+06
7.58578e+09 2.15903e+06
7.94328e+09 2.19102e+06
8.31764e+09 2.22331e+06
8.70964e+09 2.25602e+06
9.12011e+09 2.28931e+06
9.54993e+09 2.32297e+06
1e+10 2.35707e+06
1.04713e+10 2.39146e+06
1.09648e+10 2.42647e+06
1.14815e+10 2.4617e+06
1.20226e+10 2.49756e+06
1.25893e+10 2.53371e+06
1.31826e+10 2.57049e+06
1.38038e+10 2.60746e+06
1.44544e+10 2.64515e+06
1.51356e+10 2.68328e+06
1.58489e+10 2.72159e+06
1.65959e+10 2.76056e+06
1.7378e+10 2.8e+06
1.8197e+10 2.83985e+06
1.90546e+10 2.88028e+06
1.99526e+10 2.92107e+06
2.0893e+10 2.96233e+06
2.18776e+10 3.00396e+06
2.29087e+10 3.04609e+06
2.39883e+10 3.08872e+06
2.51189e+10 3.13196e+06
2.63027e+10 3.17538e+06
2.75423e+10 3.21948e+06
2.88403e+10 3.26407e+06
3.01995e+10 3.30909e+06
3.16228e+10 3.35462e+06
3.31131e+10 3.40048e+06
3.46737e+10 3.44683e+06
3.63078e+10 3.4937e+06
3.80189e+10 3.54109e+06
3.98107e+10 3.58882e+06
4.16869e+10 3.63699e+06
4.36516e+10 3.68565e+06
4.57088e+10 3.73486e+06
4.7863e+10 3.78413e+06
5.01187e+10 3.83425e+06
5.24807e+10 3.88454e+06
5.49541e+10 3.93537e+06
5.7544e+10 3.98654e+06
6.0256e+10 4.03811e+06
6.30957e+10 4.09021e+06
6.60693e+10 4.14262e+06
6.91831e+10 4.19523e+06
7.24436e+10 4.24848e+06
7.58578e+10 4.30198e+06
7.94328e+10 4.35588e+06
8.31764e+10 4.41007e+06
8.70964e+10 4.46437e+06
9.12011e+10 4.51909e+06
9.54993e+10 4.57427e+06
1e+11 4.62955e+06
1.04713e+11 4.68506e+06
1.09648e+11 4.74096e+06
1.14815e+11 4.79697e+06
1.20226e+11 4.85326e+06
1.25893e+11 4.90973e+06
1.31826e+11 4.96638e+06
1.38038e+11 5.02311e+06
1.44544e+11 5.08019e+06
1.51356e+11 5.13713e+06
1.58489e+11 5.19424e+06
1.65959e+11 5.25147e+06
1.7378e+11 5.30859e+06
1.8197e+11 5.36578e+06
1.90546e+11 5.42306e+06
1.99526e+11 5.48041e+06
2.0893e+11 5.53752e+06
2.18776e+11 5.59463e+06
2.29087e+11 5.65173e+06
2.39883e+11 5.70857e+06
2.51189e+11 5.76527e+06
2.63027e+11 5.82183e+06
2.75423e+11 5.87838e+06
2.88403e+11 5.93443e+06
3.01995e+11 5.9905e+06
3.16228e+11 6.04599e+06
3.31131e+11 6.10145e+06
3.46737e+11 6.15649e+06
3.63078e+11 6.21138e+06
3.80189e+11 6.26571e+06
3.98107e+11 6.31976e+06
4.16869e+11 6.37338e+06
4.36516e+11 6.42667e+06
4.57088e+11 6.4795e+06
4.7863e+11 6.53178e+06
5.01187e+11 6.58373e+06
5.24807e+11 6.6351e+06
5.49541e+11 6.68593e+06
5.7544e+11 6.73631e+06
6.0256e+11 6.786e+06
6.30957e+11 6.8353e+06
6.60693e+11 6.88394e+06
6.91831e+11 6.93191e+06
7.24436e+11 6.97941e+06
7.58578e+11 7.02624e+06
7.94328e+11 7.07267e+06
8.31764e+11 7.11827e+06
8.70964e+11 7.16325e+06
9.12011e+11 7.2076e+06
9.54993e+11 7.25119e+06
1e+12 7.25119e+06