1.000000000000000000e+02 1.023897599999999954e-35
1.047129999999999939e+02 1.073709600000000099e-35
1.096479999999999961e+02 1.125651200000000025e-35
1.148149999999999977e+02 1.180211199999999864e-35
1.202259999999999991e+02 1.237151999999999976e-35
1.258930000000000007e+02 1.296644000000000084e-35
1.318259999999999934e+02 1.358925600000000028e-35
1.380380000000000109e+02 1.424175199999999922e-35
1.445440000000000111e+02 1.492164799999999847e-35
1.513559999999999945e+02 1.563497599999999994e-35
1.584890000000000043e+02 1.637919999999999941e-35
1.659590000000000032e+02 1.715799199999999838e-35
1.737800000000000011e+02 1.797509599999999756e-35
1.819699999999999989e+02 1.882200799999999876e-35
1.905459999999999923e+02 1.971573600000000106e-35
1.995260000000000105e+02 2.064427200000000122e-35
2.089300000000000068e+02 2.161646400000000035e-35
2.187760000000000105e+02 2.263604000000000055e-35
2.290869999999999891e+02 2.369976000000000114e-35
2.398830000000000098e+02 2.480983999999999870e-35
2.511889999999999930e+02 2.597168000000000063e-35
2.630269999999999868e+02 2.718351999999999840e-35
2.754230000000000018e+02 2.845599999999999893e-35
2.884030000000000200e+02 2.978231999999999591e-35
3.019950000000000045e+02 3.116815999999999437e-35
3.162280000000000086e+02 3.261951999999999894e-35
3.311309999999999718e+02 3.412888000000000018e-35
3.467370000000000232e+02 3.571519999999999476e-35
3.630779999999999745e+02 3.736191999999999642e-35
3.801890000000000214e+02 3.909096000000000219e-35
3.981070000000000277e+02 4.089600000000000249e-35
4.168690000000000282e+02 4.277672000000000305e-35
4.365160000000000196e+02 4.475128000000000422e-35
4.570880000000000223e+02 4.680247999999999378e-35
4.786299999999999955e+02 4.895335999999999680e-35
5.011870000000000118e+02 5.119687999999999521e-35
5.248070000000000164e+02 5.354023999999999887e-35
5.495410000000000537e+02 5.597968000000000036e-35
5.754400000000000546e+02 5.853407999999999247e-35
6.025599999999999454e+02 6.120056000000000546e-35
6.309569999999999936e+02 6.397247999999999807e-35
6.606929999999999836e+02 6.688103999999999868e-35
6.918310000000000173e+02 6.991576000000000281e-35
7.244360000000000355e+02 7.308575999999998588e-35
7.585779999999999745e+02 7.637935999999999701e-35
7.943279999999999745e+02 7.981119999999999813e-35
8.317640000000000100e+02 8.340144000000000179e-35
8.709640000000000555e+02 8.714743999999998053e-35
9.120109999999999673e+02 9.106200000000000408e-35
9.549930000000000518e+02 9.512256000000000671e-35
1.000000000000000000e+03 9.937912000000000030e-35
1.047130000000000109e+03 1.038000799999999850e-34
1.096480000000000018e+03 1.084156799999999958e-34
1.148150000000000091e+03 1.132148799999999954e-34
1.202259999999999991e+03 1.182381599999999848e-34
1.258930000000000064e+03 1.234559200000000031e-34
1.318259999999999991e+03 1.288900799999999992e-34
1.380380000000000109e+03 1.345462400000000011e-34
1.445440000000000055e+03 1.404406399999999845e-34
1.513559999999999945e+03 1.465624799999999830e-34
1.584890000000000100e+03 1.529695999999999960e-34
1.659589999999999918e+03 1.596205599999999972e-34
1.737799999999999955e+03 1.665446399999999958e-34
1.819700000000000045e+03 1.737426399999999775e-34
1.905460000000000036e+03 1.812289600000000048e-34
1.995259999999999991e+03 1.890129599999999846e-34
2.089300000000000182e+03 1.971212799999999629e-34
2.187760000000000218e+03 2.055095199999999556e-34
2.290869999999999891e+03 2.142395200000000189e-34
2.398829999999999927e+03 2.233104000000000082e-34
2.511889999999999873e+03 2.327551999999999830e-34
2.630269999999999982e+03 2.425368000000000103e-34
2.754230000000000018e+03 2.527055999999999774e-34
2.884030000000000200e+03 2.632583999999999844e-34
3.019949999999999818e+03 2.742064000000000014e-34
3.162280000000000200e+03 2.855255999999999885e-34
3.311309999999999945e+03 2.973112000000000129e-34
3.467369999999999891e+03 3.094823999999999629e-34
3.630780000000000200e+03 3.221168000000000074e-34
3.801889999999999873e+03 3.352175999999999182e-34
3.981070000000000164e+03 3.488135999999999910e-34
4.168689999999999600e+03 3.628727999999999874e-34
4.365159999999999854e+03 3.773999999999999922e-34
4.570880000000000109e+03 3.924455999999999355e-34
4.786300000000000182e+03 4.080600000000000036e-34
5.011869999999999891e+03 4.241959999999999526e-34
5.248069999999999709e+03 4.408663999999999806e-34
5.495409999999999854e+03 4.580488000000000619e-34
5.754399999999999636e+03 4.758639999999998897e-34
6.025600000000000364e+03 4.942999999999999573e-34
6.309569999999999709e+03 5.132863999999999879e-34
6.606930000000000291e+03 5.328480000000000286e-34
6.918310000000000400e+03 5.531616000000000084e-34
7.244359999999999673e+03 5.739391999999999616e-34
7.585779999999999745e+03 5.955111999999999700e-34
7.943279999999999745e+03 6.177055999999999756e-34
8.317639999999999418e+03 6.406455999999999497e-34
8.709639999999999418e+03 6.642159999999999913e-34
9.120110000000000582e+03 6.886239999999999547e-34
9.549930000000000291e+03 7.135975999999999293e-34
1.000000000000000000e+04 7.394863999999999947e-34
1.047129999999999927e+04 7.660191999999999906e-34
1.096479999999999927e+04 7.932504000000000532e-34
1.148150000000000000e+04 8.214727999999999338e-34
1.202260000000000036e+04 8.504248000000000698e-34
1.258929999999999927e+04 8.801144000000000183e-34
1.318260000000000036e+04 9.107175999999999579e-34
1.380379999999999927e+04 9.421336000000000290e-34
1.445439999999999964e+04 9.743983999999999493e-34
1.513560000000000036e+04 1.007622399999999834e-33
1.584889999999999964e+04 1.041619200000000012e-33
1.659590000000000146e+04 1.076729599999999886e-33
1.737800000000000000e+04 1.112656799999999841e-33
1.819700000000000000e+04 1.149387200000000015e-33
1.905459999999999854e+04 1.187255199999999925e-33
1.995259999999999854e+04 1.226029599999999848e-33
2.089300000000000000e+04 1.265896799999999798e-33
2.187759999999999854e+04 1.306720799999999948e-33
2.290870000000000073e+04 1.348573600000000076e-33
2.398829999999999927e+04 1.391538399999999885e-33
2.511890000000000146e+04 1.435392000000000067e-33
2.630270000000000073e+04 1.480499199999999722e-33
2.754229999999999927e+04 1.526659200000000079e-33
2.884029999999999927e+04 1.573859199999999656e-33
3.019950000000000000e+04 1.622086399999999710e-33
3.162279999999999927e+04 1.671569600000000028e-33
3.311309999999999854e+04 1.722318400000000011e-33
3.467369999999999709e+04 1.774275200000000177e-33
3.630780000000000291e+04 1.827393599999999949e-33
3.801890000000000146e+04 1.881826399999999899e-33
3.981069999999999709e+04 1.937279199999999835e-33
4.168690000000000146e+04 1.994263999999999810e-33
4.365159999999999854e+04 2.052432000000000179e-33
4.570880000000000291e+04 2.111992000000000126e-33
4.786300000000000000e+04 2.172903999999999812e-33
5.011869999999999709e+04 2.234959999999999804e-33
5.248069999999999709e+04 2.298624000000000076e-33
5.495409999999999854e+04 2.363824000000000164e-33
5.754400000000000000e+04 2.430128000000000036e-33
6.025600000000000000e+04 2.498367999999999821e-33
6.309569999999999709e+04 2.567535999999999894e-33
6.606930000000000291e+04 2.638455999999999802e-33
6.918310000000000582e+04 2.711144000000000026e-33
7.244360000000000582e+04 2.785400000000000008e-33
7.585780000000000291e+04 2.861224000000000088e-33
7.943280000000000291e+04 2.938664000000000005e-33
8.317639999999999418e+04 3.017824000000000159e-33
8.709639999999999418e+04 3.098831999999999622e-33
9.120110000000000582e+04 3.181248000000000515e-33
9.549930000000000291e+04 3.265311999999999816e-33
1.000000000000000000e+05 3.351367999999999691e-33
1.047130000000000000e+05 3.439319999999999983e-33
1.096480000000000000e+05 3.529008000000000653e-33
1.148150000000000000e+05 3.620519999999999567e-33
1.202260000000000000e+05 3.714367999999999856e-33
1.258930000000000000e+05 3.809607999999999723e-33
1.318260000000000000e+05 3.907767999999999429e-33
1.380380000000000000e+05 4.007191999999999640e-33
1.445440000000000000e+05 4.109127999999999695e-33
1.513560000000000000e+05 4.212615999999999365e-33
1.584890000000000000e+05 4.318991999999999961e-33
1.659590000000000000e+05 4.426751999999999894e-33
1.737800000000000000e+05 4.537319999999999707e-33
1.819700000000000000e+05 4.650064000000000173e-33
1.905460000000000000e+05 4.765159999999999761e-33
1.995260000000000000e+05 4.882696000000000441e-33
2.089300000000000000e+05 5.002568000000000445e-33
2.187760000000000000e+05 5.125407999999999682e-33
2.290870000000000000e+05 5.250488000000000136e-33
2.398830000000000000e+05 5.378031999999999670e-33
2.511890000000000000e+05 5.508215999999999488e-33
2.630270000000000000e+05 5.641031999999999350e-33
2.754230000000000000e+05 5.776248000000000466e-33
2.884030000000000000e+05 5.914576000000000371e-33
3.019950000000000000e+05 6.055975999999999226e-33
3.162280000000000000e+05 6.199920000000000260e-33
3.311310000000000000e+05 6.347095999999999597e-33
3.467370000000000000e+05 6.496183999999999834e-33
3.630780000000000000e+05 6.649735999999999283e-33
3.801890000000000000e+05 6.805736000000000066e-33
3.981070000000000000e+05 6.964495999999999966e-33
4.168690000000000000e+05 7.127383999999998519e-33
4.365160000000000000e+05 7.292783999999998969e-33
4.570880000000000000e+05 7.461976000000000250e-33
4.786300000000000000e+05 7.634271999999999396e-33
5.011870000000000000e+05 7.810215999999999134e-33
5.248070000000000000e+05 7.989711999999999305e-33
5.495410000000000000e+05 8.171263999999999245e-33
5.754400000000000000e+05 8.358536000000000031e-33
6.025600000000000000e+05 8.549039999999999806e-33
6.309570000000000000e+05 8.743191999999998805e-33
6.606930000000000000e+05 8.940471999999999812e-33
6.918310000000000000e+05 9.142975999999999015e-33
7.244360000000000000e+05 9.348663999999999864e-33
7.585780000000000000e+05 9.558191999999998888e-33
7.943280000000000000e+05 9.771399999999999470e-33
8.317640000000000000e+05 9.989856000000001024e-33
8.709640000000000000e+05 1.021259999999999922e-32
9.120110000000000000e+05 1.043870399999999889e-32
9.549930000000000000e+05 1.066984800000000011e-32
1.000000000000000000e+06 1.090643999999999944e-32
1.047130000000000000e+06 1.114613600000000073e-32
1.096480000000000000e+06 1.139136799999999801e-32
1.148150000000000000e+06 1.164091199999999880e-32
1.202260000000000000e+06 1.189504799999999720e-32
1.258930000000000000e+06 1.215425600000000084e-32
1.318260000000000000e+06 1.241976000000000080e-32
1.380380000000000000e+06 1.268769600000000025e-32
1.445440000000000000e+06 1.296153600000000131e-32
1.513560000000000000e+06 1.324139999999999870e-32
1.584890000000000000e+06 1.352728799999999790e-32
1.659590000000000000e+06 1.381822399999999819e-32
1.737800000000000000e+06 1.411419199999999773e-32
1.819700000000000000e+06 1.441480000000000042e-32
1.905460000000000000e+06 1.472208000000000052e-32
1.995260000000000000e+06 1.503485600000000156e-32
2.089300000000000000e+06 1.535399199999999948e-32
2.187760000000000000e+06 1.567871200000000030e-32
2.290870000000000000e+06 1.600856000000000053e-32
2.398830000000000000e+06 1.634595999999999872e-32
2.511890000000000000e+06 1.668909600000000098e-32
2.630270000000000000e+06 1.703815999999999941e-32
2.754230000000000000e+06 1.739591999999999953e-32
2.884030000000000000e+06 1.775728000000000016e-32
3.019950000000000000e+06 1.812663999999999858e-32
3.162280000000000000e+06 1.850343999999999843e-32
3.311310000000000000e+06 1.888607999999999796e-32
3.467370000000000000e+06 1.927735999999999817e-32
3.630780000000000000e+06 1.967360000000000024e-32
3.801890000000000000e+06 2.007671999999999915e-32
3.981070000000000000e+06 2.049008000000000050e-32
4.168690000000000000e+06 2.090815999999999784e-32
4.365160000000000000e+06 2.133631999999999825e-32
4.570880000000000000e+06 2.177207999999999945e-32
4.786300000000000000e+06 2.221327999999999783e-32
5.011870000000000000e+06 2.266336000000000003e-32
5.248070000000000000e+06 2.311991999999999932e-32
5.495410000000000000e+06 2.358919999999999787e-32
5.754400000000000000e+06 2.406183999999999927e-32
6.025600000000000000e+06 2.454351999999999836e-32
6.309570000000000000e+06 2.503639999999999875e-32
6.606930000000000000e+06 2.553727999999999968e-32
6.918310000000000000e+06 2.604616000000000113e-32
7.244360000000000000e+06 2.656559999999999825e-32
7.585780000000000000e+06 2.709183999999999937e-32
7.943280000000000000e+06 2.763079999999999976e-32
8.317640000000000000e+06 2.817464000000000096e-32
8.709640000000000000e+06 2.872992000000000112e-32
9.120110000000000000e+06 2.929519999999999783e-32
9.549930000000000000e+06 2.987184000000000066e-32
1.000000000000000000e+07 3.045415999999999835e-32
1.047130000000000000e+07 3.105176000000000137e-32
1.096480000000000000e+07 3.165576000000000044e-32
1.148150000000000000e+07 3.227063999999999935e-32
1.202260000000000000e+07 3.289615999999999771e-32
1.258930000000000000e+07 3.353551999999999902e-32
1.318260000000000000e+07 3.418295999999999917e-32
1.380380000000000000e+07 3.484255999999999947e-32
1.445440000000000000e+07 3.551391999999999742e-32
1.513560000000000000e+07 3.619464000000000000e-32
1.584890000000000000e+07 3.688535999999999914e-32
1.659590000000000000e+07 3.759167999999999684e-32
1.737800000000000000e+07 3.831040000000000058e-32
1.819700000000000000e+07 3.903799999999999718e-32
1.905460000000000000e+07 3.977935999999999842e-32
1.995260000000000000e+07 4.053263999999999941e-32
2.089300000000000000e+07 4.129912000000000046e-32
2.187760000000000000e+07 4.207487999999999687e-32
2.290870000000000000e+07 4.286719999999999892e-32
2.398830000000000000e+07 4.367407999999999964e-32
2.511890000000000000e+07 4.449208000000000061e-32
2.630270000000000000e+07 4.532575999999999846e-32
2.754230000000000000e+07 4.616927999999999625e-32
2.884030000000000000e+07 4.702847999999999639e-32
3.019950000000000000e+07 4.790031999999999749e-32
3.162280000000000000e+07 4.879159999999999807e-32
3.311310000000000000e+07 4.969095999999999749e-32
3.467370000000000000e+07 5.060975999999999639e-32
3.630780000000000000e+07 5.154072000000000092e-32
3.801890000000000000e+07 5.248896000000000134e-32
3.981070000000000000e+07 5.345344000000000323e-32
4.168690000000000000e+07 5.442872000000000118e-32
4.365160000000000000e+07 5.542431999999999642e-32
4.570880000000000000e+07 5.643663999999999393e-32
4.786300000000000000e+07 5.746295999999999647e-32
5.011870000000000000e+07 5.850576000000000088e-32
5.248070000000000000e+07 5.956560000000000078e-32
5.495410000000000000e+07 6.064488000000000016e-32
5.754400000000000000e+07 6.173624000000000139e-32
6.025600000000000000e+07 6.284831999999999693e-32
6.309570000000000000e+07 6.397999999999999952e-32
6.606930000000000000e+07 6.512479999999999838e-32
6.918310000000000000e+07 6.629056000000000291e-32
7.244360000000000000e+07 6.747647999999999717e-32
7.585780000000000000e+07 6.867895999999999707e-32
7.943280000000000000e+07 6.990151999999999387e-32
8.317640000000000000e+07 7.114424000000000231e-32
8.709640000000000000e+07 7.240407999999999907e-32
9.120110000000000000e+07 7.367888000000000246e-32
9.549930000000000000e+07 7.497735999999999779e-32
1.000000000000000000e+08 7.630095999999999841e-32
1.047130000000000000e+08 7.764159999999999452e-32
1.096480000000000000e+08 7.900735999999999591e-32
1.148150000000000000e+08 8.038688000000000193e-32
1.202260000000000000e+08 8.179463999999999653e-32
1.258930000000000000e+08 8.322295999999999978e-32
1.318260000000000000e+08 8.466759999999999732e-32
1.380380000000000000e+08 8.613663999999999895e-32
1.445440000000000000e+08 8.763039999999999789e-32
1.513560000000000000e+08 8.914887999999999415e-32
1.584890000000000000e+08 9.068623999999999627e-32
1.659590000000000000e+08 9.225263999999999193e-32
1.737800000000000000e+08 9.384040000000000123e-32
1.819700000000000000e+08 9.545391999999999132e-32
1.905460000000000000e+08 9.709095999999999863e-32
1.995260000000000000e+08 9.874679999999999707e-32
2.089300000000000000e+08 1.004325599999999978e-31
2.187760000000000000e+08 1.021476799999999963e-31
2.290870000000000000e+08 1.038879999999999929e-31
2.398830000000000000e+08 1.056463199999999975e-31
2.511890000000000000e+08 1.074393600000000015e-31
2.630270000000000000e+08 1.092586399999999981e-31
2.754230000000000000e+08 1.111047200000000027e-31
2.884030000000000000e+08 1.129731999999999935e-31
3.019950000000000000e+08 1.148724800000000063e-31
3.162280000000000000e+08 1.167990400000000060e-31
3.311310000000000000e+08 1.187559200000000051e-31
3.467370000000000000e+08 1.207492799999999992e-31
3.630780000000000000e+08 1.227599200000000002e-31
3.801890000000000000e+08 1.248076800000000044e-31
3.981070000000000000e+08 1.268876799999999893e-31
4.168690000000000000e+08 1.289901599999999970e-31
4.365160000000000000e+08 1.311298400000000009e-31
4.570880000000000000e+08 1.332981600000000013e-31
4.786300000000000000e+08 1.354995199999999982e-31
5.011870000000000000e+08 1.377377599999999981e-31
5.248070000000000000e+08 1.400078399999999926e-31
5.495410000000000000e+08 1.423051999999999959e-31
5.754400000000000000e+08 1.446375999999999918e-31
6.025600000000000000e+08 1.470097599999999955e-31
6.309570000000000000e+08 1.494119999999999981e-31
6.606930000000000000e+08 1.518475199999999976e-31
6.918310000000000000e+08 1.543208800000000017e-31
7.244360000000000000e+08 1.568283999999999896e-31
7.585780000000000000e+08 1.593736799999999892e-31
7.943280000000000000e+08 1.619535999999999953e-31
8.317640000000000000e+08 1.645751999999999905e-31
8.709640000000000000e+08 1.672391999999999977e-31
9.120110000000000000e+08 1.699263999999999852e-31
9.549930000000000000e+08 1.726559999999999848e-31
1.000000000000000000e+09 1.754304000000000005e-31
1.047130000000000000e+09 1.782383999999999845e-31
1.096480000000000000e+09 1.810991999999999906e-31
1.148150000000000000e+09 1.839759999999999868e-31
1.202260000000000000e+09 1.869199999999999853e-31
1.258930000000000000e+09 1.899031999999999979e-31
1.318260000000000000e+09 1.929135999999999828e-31
1.380380000000000000e+09 1.959807999999999818e-31
1.445440000000000000e+09 1.990903999999999929e-31
1.513560000000000000e+09 2.022208000000000022e-31
1.584890000000000000e+09 2.054247999999999878e-31
1.659590000000000000e+09 2.086656000000000055e-31
1.737800000000000000e+09 2.119527999999999836e-31
1.819700000000000000e+09 2.152735999999999737e-31
1.905460000000000000e+09 2.186584000000000119e-31
1.995260000000000000e+09 2.220855999999999746e-31
2.089300000000000000e+09 2.255503999999999852e-31
2.187760000000000000e+09 2.290767999999999962e-31
2.290870000000000000e+09 2.326303999999999793e-31
2.398830000000000000e+09 2.362511999999999867e-31
2.511890000000000000e+09 2.399095999999999981e-31
2.630270000000000000e+09 2.436287999999999939e-31
2.754230000000000000e+09 2.473840000000000058e-31
2.884030000000000000e+09 2.512183999999999742e-31
3.019950000000000000e+09 2.550879999999999866e-31
3.162280000000000000e+09 2.590095999999999832e-31
3.311310000000000000e+09 2.629935999999999961e-31
3.467370000000000000e+09 2.670344000000000012e-31
3.630780000000000000e+09 2.711231999999999986e-31
3.801890000000000000e+09 2.752591999999999723e-31
3.981070000000000000e+09 2.794647999999999741e-31
4.168690000000000000e+09 2.837103999999999841e-31
4.365160000000000000e+09 2.880303999999999864e-31
4.570880000000000000e+09 2.924143999999999930e-31
4.786300000000000000e+09 2.968255999999999718e-31
5.011870000000000000e+09 3.013271999999999988e-31
5.248070000000000000e+09 3.058751999999999861e-31
5.495410000000000000e+09 3.104888000000000096e-31
5.754400000000000000e+09 3.151496000000000094e-31
6.025600000000000000e+09 3.198911999999999975e-31
6.309570000000000000e+09 3.246911999999999661e-31
6.606930000000000000e+09 3.295423999999999905e-31
6.918310000000000000e+09 3.344615999999999675e-31
7.244360000000000000e+09 3.394359999999999925e-31
7.585780000000000000e+09 3.444967999999999860e-31
7.943280000000000000e+09 3.496151999999999877e-31
8.317640000000000000e+09 3.547839999999999857e-31
8.709640000000000000e+09 3.600215999999999959e-31
9.120110000000000000e+09 3.653335999999999984e-31
9.549930000000000000e+09 3.707215999999999813e-31
1.000000000000000000e+10 3.761735999999999685e-31
1.047130000000000000e+10 3.816863999999999839e-31
1.096480000000000000e+10 3.872815999999999756e-31
1.148150000000000000e+10 3.929239999999999875e-31
1.202260000000000000e+10 3.986583999999999918e-31
1.258930000000000000e+10 4.044431999999999486e-31
1.318260000000000000e+10 4.103199999999999416e-31
1.380380000000000000e+10 4.162472000000000184e-31
1.445440000000000000e+10 4.222600000000000039e-31
1.513560000000000000e+10 4.283559999999999819e-31
1.584890000000000000e+10 4.344935999999999999e-31
1.659590000000000000e+10 4.407311999999999506e-31
1.737800000000000000e+10 4.470391999999999892e-31
1.819700000000000000e+10 4.534063999999999802e-31
1.905460000000000000e+10 4.598791999999999717e-31
1.995260000000000000e+10 4.663927999999999435e-31
2.089300000000000000e+10 4.729888000000000231e-31
2.187760000000000000e+10 4.796719999999999558e-31
2.290870000000000000e+10 4.864087999999999484e-31
2.398830000000000000e+10 4.932303999999999653e-31
2.511890000000000000e+10 5.001351999999999746e-31
2.630270000000000000e+10 5.070887999999999482e-31
2.754230000000000000e+10 5.141391999999999660e-31
2.884030000000000000e+10 5.212663999999999364e-31
3.019950000000000000e+10 5.284808000000000226e-31
3.162280000000000000e+10 5.357527999999999419e-31
3.311310000000000000e+10 5.430887999999999967e-31
3.467370000000000000e+10 5.505007999999999444e-31
3.630780000000000000e+10 5.580087999999999642e-31
3.801890000000000000e+10 5.655895999999999883e-31
3.981070000000000000e+10 5.732360000000000046e-31
4.168690000000000000e+10 5.809159999999999893e-31
4.365160000000000000e+10 5.887111999999999904e-31
4.570880000000000000e+10 5.965783999999999360e-31
4.786300000000000000e+10 6.044896000000000132e-31
5.011870000000000000e+10 6.124808000000000191e-31
5.248070000000000000e+10 6.205431999999999974e-31
5.495410000000000000e+10 6.286583999999999760e-31
5.754400000000000000e+10 6.368519999999999389e-31
6.025600000000000000e+10 6.451167999999999619e-31
6.309570000000000000e+10 6.534312000000000089e-31
6.606930000000000000e+10 6.618224000000000086e-31
6.918310000000000000e+10 6.702415999999999963e-31
7.244360000000000000e+10 6.787543999999999646e-31
7.585780000000000000e+10 6.873191999999999610e-31
7.943280000000000000e+10 6.959359999999999854e-31
8.317640000000000000e+10 7.046023999999999464e-31
8.709640000000000000e+10 7.132919999999999751e-31
9.120110000000000000e+10 7.220703999999999764e-31
9.549930000000000000e+10 7.308719999999999578e-31
1.000000000000000000e+11 7.397199999999999872e-31
1.047130000000000000e+11 7.486119999999999730e-31
1.096480000000000000e+11 7.575528000000000108e-31
1.148150000000000000e+11 7.665024000000000048e-31
1.202260000000000000e+11 7.755063999999999433e-31
1.258930000000000000e+11 7.845527999999999815e-31
1.318260000000000000e+11 7.935984000000000476e-31
1.380380000000000000e+11 8.026983999999998830e-31
1.445440000000000000e+11 8.118304000000000052e-31
1.513560000000000000e+11 8.209311999999999003e-31
1.584890000000000000e+11 8.300656000000000265e-31
1.659590000000000000e+11 8.392223999999998979e-31
1.737800000000000000e+11 8.483647999999999206e-31
1.819700000000000000e+11 8.575287999999999792e-31
1.905460000000000000e+11 8.666856000000000259e-31
1.995260000000000000e+11 8.758495999999999093e-31
2.089300000000000000e+11 8.849840000000000355e-31
2.187760000000000000e+11 8.941383999999999030e-31
2.290870000000000000e+11 9.032632000000000131e-31
2.398830000000000000e+11 9.123656000000000277e-31
2.511890000000000000e+11 9.214399999999998789e-31
2.630270000000000000e+11 9.304952000000000485e-31
2.754230000000000000e+11 9.395336000000000151e-31
2.884030000000000000e+11 9.485015999999999813e-31
3.019950000000000000e+11 9.574704000000000072e-31
3.162280000000000000e+11 9.663551999999998935e-31
3.311310000000000000e+11 9.752319999999998832e-31
3.467370000000000000e+11 9.840463999999999443e-31
3.630780000000000000e+11 9.928191999999998778e-31
3.801890000000000000e+11 1.001523199999999931e-30
3.981070000000000000e+11 1.010171200000000007e-30
4.168690000000000000e+11 1.018753599999999916e-30
4.365160000000000000e+11 1.027275200000000015e-30
4.570880000000000000e+11 1.035719199999999928e-30
4.786300000000000000e+11 1.044103199999999915e-30
5.011870000000000000e+11 1.052398399999999930e-30
5.248070000000000000e+11 1.060631200000000017e-30
5.495410000000000000e+11 1.068745600000000023e-30
5.754400000000000000e+11 1.076815200000000014e-30
6.025600000000000000e+11 1.084771999999999992e-30
6.309570000000000000e+11 1.092654400000000021e-30
6.606930000000000000e+11 1.100438399999999887e-30
6.918310000000000000e+11 1.108124799999999999e-30
7.244360000000000000e+11 1.115727199999999971e-30
7.585780000000000000e+11 1.123227999999999891e-30
7.943280000000000000e+11 1.130639199999999954e-30
8.317640000000000000e+11 1.137952000000000029e-30
8.709640000000000000e+11 1.145139200000000012e-30
9.120110000000000000e+11 1.152235200000000018e-30
9.549930000000000000e+11 1.159221599999999900e-30
1.000000000000000000e+12 1.159221599999999900e-30
