1.000000000000000000e+02 8.993110000000001113e-36
1.047129999999999939e+02 9.462376000000000543e-36
1.096479999999999961e+02 9.955707999999998876e-36
1.148149999999999977e+02 1.047066999999999945e-35
1.202259999999999991e+02 1.101216199999999990e-35
1.258930000000000007e+02 1.157798600000000009e-35
1.318259999999999934e+02 1.217207600000000002e-35
1.380380000000000109e+02 1.279381599999999845e-35
1.445440000000000111e+02 1.344464799999999677e-35
1.513559999999999945e+02 1.412636400000000079e-35
1.584890000000000043e+02 1.484079799999999872e-35
1.659590000000000032e+02 1.558853800000000088e-35
1.737800000000000011e+02 1.637344799999999782e-35
1.819699999999999989e+02 1.719194399999999929e-35
1.905459999999999923e+02 1.805442799999999700e-35
1.995260000000000105e+02 1.895509000000000028e-35
2.089300000000000068e+02 1.989671599999999950e-35
2.187760000000000105e+02 2.088336599999999936e-35
2.290869999999999891e+02 2.191781200000000144e-35
2.398830000000000098e+02 2.299897600000000024e-35
2.511889999999999930e+02 2.413298999999999854e-35
2.630269999999999868e+02 2.532139399999999813e-35
2.754230000000000018e+02 2.656442600000000088e-35
2.884030000000000200e+02 2.786505399999999846e-35
3.019950000000000045e+02 2.922833200000000151e-35
3.162280000000000086e+02 3.065676600000000277e-35
3.311309999999999718e+02 3.214593200000000033e-35
3.467370000000000232e+02 3.370637199999999941e-35
3.630779999999999745e+02 3.534592599999999838e-35
3.801890000000000214e+02 3.705505999999999210e-35
3.981070000000000277e+02 3.884691999999999628e-35
4.168690000000000282e+02 4.072473999999999808e-35
4.365160000000000196e+02 4.268823999999999718e-35
4.570880000000000223e+02 4.474567999999999776e-35
4.786299999999999955e+02 4.689845999999999609e-35
5.011870000000000118e+02 4.914476000000000077e-35
5.248070000000000164e+02 5.150053999999999814e-35
5.495410000000000537e+02 5.396636000000000487e-35
5.754400000000000546e+02 5.654319999999999537e-35
6.025599999999999454e+02 5.923875999999999457e-35
6.309569999999999936e+02 6.206592000000000664e-35
6.606929999999999836e+02 6.501138000000000018e-35
6.918310000000000173e+02 6.810509999999999909e-35
7.244360000000000355e+02 7.133489999999999464e-35
7.585779999999999745e+02 7.471226000000000010e-35
7.943279999999999745e+02 7.824459999999999728e-35
8.317640000000000100e+02 8.194059999999999621e-35
8.709640000000000555e+02 8.580851999999999039e-35
9.120109999999999673e+02 8.986221999999999045e-35
9.549930000000000518e+02 9.407369999999998547e-35
1.000000000000000000e+03 9.849293999999999571e-35
1.047130000000000109e+03 1.031083199999999810e-34
1.096480000000000018e+03 1.079393000000000013e-34
1.148150000000000091e+03 1.129875600000000157e-34
1.202259999999999991e+03 1.182578599999999976e-34
1.258930000000000064e+03 1.237718999999999775e-34
1.318259999999999991e+03 1.295176399999999948e-34
1.380380000000000109e+03 1.355323199999999964e-34
1.445440000000000055e+03 1.418034799999999733e-34
1.513559999999999945e+03 1.483717199999999828e-34
1.584890000000000100e+03 1.552361999999999921e-34
1.659589999999999918e+03 1.624041999999999667e-34
1.737799999999999955e+03 1.699006400000000102e-34
1.819700000000000045e+03 1.776879999999999939e-34
1.905460000000000036e+03 1.858270399999999984e-34
1.995259999999999991e+03 1.943411400000000134e-34
2.089300000000000182e+03 2.032172799999999651e-34
2.187760000000000218e+03 2.124719800000000115e-34
2.290869999999999891e+03 2.220940399999999686e-34
2.398829999999999927e+03 2.321866400000000142e-34
2.511889999999999873e+03 2.427084799999999885e-34
2.630269999999999982e+03 2.536276400000000043e-34
2.754230000000000018e+03 2.650486999999999738e-34
2.884030000000000200e+03 2.769659199999999599e-34
3.019949999999999818e+03 2.893837799999999676e-34
3.162280000000000200e+03 3.023046599999999732e-34
3.311309999999999945e+03 3.157418599999999758e-34
3.467369999999999891e+03 3.297765800000000050e-34
3.630780000000000200e+03 3.443803999999999799e-34
3.801889999999999873e+03 3.595675999999999277e-34
3.981070000000000164e+03 3.754673999999999601e-34
4.168689999999999600e+03 3.919355999999999427e-34
4.365159999999999854e+03 4.090702000000000527e-34
4.570880000000000109e+03 4.269103999999999506e-34
4.786300000000000182e+03 4.454645999999999240e-34
5.011869999999999891e+03 4.647439999999999002e-34
5.248069999999999709e+03 4.848172000000000333e-34
5.495409999999999854e+03 5.056981999999999760e-34
5.754399999999999636e+03 5.273450000000000004e-34
6.025600000000000364e+03 5.498863999999999559e-34
6.309569999999999709e+03 5.732243999999999646e-34
6.606930000000000291e+03 5.975297999999999456e-34
6.918310000000000400e+03 6.227241999999999795e-34
7.244359999999999673e+03 6.487991999999999496e-34
7.585779999999999745e+03 6.759955999999999201e-34
7.943279999999999745e+03 7.041327999999999498e-34
8.317639999999999418e+03 7.334655999999999265e-34
8.709639999999999418e+03 7.637671999999999519e-34
9.120110000000000582e+03 7.952349999999999438e-34
9.549930000000000291e+03 8.276842000000001593e-34
1.000000000000000000e+04 8.615473999999999324e-34
1.047129999999999927e+04 8.964689999999998576e-34
1.096479999999999927e+04 9.324867999999998609e-34
1.148150000000000000e+04 9.700977999999999706e-34
1.202260000000000036e+04 1.008865199999999939e-33
1.258929999999999927e+04 1.048985000000000036e-33
1.318260000000000036e+04 1.090604199999999820e-33
1.380379999999999927e+04 1.133487599999999963e-33
1.445439999999999964e+04 1.177787799999999986e-33
1.513560000000000036e+04 1.223723199999999844e-33
1.584889999999999964e+04 1.271090799999999826e-33
1.659590000000000146e+04 1.320209800000000085e-33
1.737800000000000000e+04 1.370661599999999916e-33
1.819700000000000000e+04 1.423039800000000087e-33
1.905459999999999854e+04 1.476906199999999848e-33
1.995259999999999854e+04 1.532521199999999906e-33
2.089300000000000000e+04 1.590139600000000319e-33
2.187759999999999854e+04 1.649521999999999902e-33
2.290870000000000073e+04 1.710766400000000072e-33
2.398829999999999927e+04 1.773812600000000023e-33
2.511890000000000146e+04 1.838871999999999924e-33
2.630270000000000073e+04 1.905765399999999567e-33
2.754229999999999927e+04 1.974949199999999758e-33
2.884029999999999927e+04 2.046214799999999625e-33
3.019950000000000000e+04 2.119052599999999734e-33
3.162279999999999927e+04 2.194546199999999903e-33
3.311309999999999854e+04 2.272152399999999891e-33
3.467369999999999709e+04 2.352081199999999704e-33
3.630780000000000291e+04 2.434265399999999778e-33
3.801890000000000146e+04 2.518983600000000189e-33
3.981069999999999709e+04 2.605600199999999925e-33
4.168690000000000146e+04 2.695072800000000305e-33
4.365159999999999854e+04 2.787079399999999311e-33
4.570880000000000291e+04 2.881428200000000068e-33
4.786300000000000000e+04 2.978439799999999643e-33
5.011869999999999709e+04 3.078090400000000413e-33
5.248069999999999709e+04 3.180343599999999878e-33
5.495409999999999854e+04 3.285534000000000145e-33
5.754400000000000000e+04 3.393418000000000056e-33
6.025600000000000000e+04 3.504437999999999479e-33
6.309569999999999709e+04 3.617599999999999728e-33
6.606930000000000291e+04 3.734121999999999407e-33
6.918310000000000582e+04 3.854130000000000093e-33
7.244360000000000582e+04 3.977133999999999831e-33
7.585780000000000291e+04 4.103189999999999627e-33
7.943280000000000291e+04 4.232045999999999746e-33
8.317639999999999418e+04 4.364668000000000425e-33
8.709639999999999418e+04 4.500327999999998859e-33
9.120110000000000582e+04 4.639124000000000226e-33
9.549930000000000291e+04 4.781531999999999389e-33
1.000000000000000000e+05 4.927300000000000035e-33
1.047130000000000000e+05 5.076735999999999482e-33
1.096480000000000000e+05 5.229825999999999531e-33
1.148150000000000000e+05 5.386023999999998591e-33
1.202260000000000000e+05 5.546814000000000042e-33
1.258930000000000000e+05 5.710921999999999483e-33
1.318260000000000000e+05 5.879524000000000240e-33
1.380380000000000000e+05 6.051066000000000412e-33
1.445440000000000000e+05 6.226835999999999861e-33
1.513560000000000000e+05 6.406749999999999814e-33
1.584890000000000000e+05 6.591298000000000176e-33
1.659590000000000000e+05 6.779037999999999003e-33
1.737800000000000000e+05 6.971902000000000878e-33
1.819700000000000000e+05 7.168279999999999473e-33
1.905460000000000000e+05 7.370061999999999300e-33
1.995260000000000000e+05 7.575553999999999367e-33
2.089300000000000000e+05 7.785932000000000260e-33
2.187760000000000000e+05 8.001447999999999663e-33
2.290870000000000000e+05 8.222088000000000744e-33
2.398830000000000000e+05 8.446815999999998588e-33
2.511890000000000000e+05 8.676094000000000805e-33
2.630270000000000000e+05 8.910089999999999465e-33
2.754230000000000000e+05 9.149616000000000934e-33
2.884030000000000000e+05 9.393594000000001596e-33
3.019950000000000000e+05 9.644473999999999596e-33
3.162280000000000000e+05 9.899063999999999203e-33
3.311310000000000000e+05 1.015967400000000015e-32
3.467370000000000000e+05 1.042502999999999942e-32
3.630780000000000000e+05 1.069728799999999739e-32
3.801890000000000000e+05 1.097406799999999786e-32
3.981070000000000000e+05 1.125703599999999996e-32
4.168690000000000000e+05 1.154641600000000086e-32
4.365160000000000000e+05 1.184103200000000134e-32
4.570880000000000000e+05 1.214175200000000194e-32
4.786300000000000000e+05 1.244863200000000229e-32
5.011870000000000000e+05 1.276199399999999791e-32
5.248070000000000000e+05 1.308164200000000033e-32
5.495410000000000000e+05 1.340560200000000081e-32
5.754400000000000000e+05 1.373877399999999835e-32
6.025600000000000000e+05 1.407824600000000090e-32
6.309570000000000000e+05 1.442499799999999731e-32
6.606930000000000000e+05 1.477678999999999936e-32
6.918310000000000000e+05 1.513698199999999896e-32
7.244360000000000000e+05 1.550434200000000136e-32
7.585780000000000000e+05 1.587804399999999788e-32
7.943280000000000000e+05 1.625835399999999810e-32
8.317640000000000000e+05 1.664760999999999950e-32
8.709640000000000000e+05 1.704428600000000138e-32
9.120110000000000000e+05 1.744833999999999820e-32
9.549930000000000000e+05 1.786066800000000331e-32
1.000000000000000000e+06 1.828160600000000084e-32
1.047130000000000000e+06 1.871081799999999844e-32
1.096480000000000000e+06 1.914562999999999806e-32
1.148150000000000000e+06 1.959066200000000190e-32
1.202260000000000000e+06 2.004395399999999940e-32
1.258930000000000000e+06 2.050486200000000228e-32
1.318260000000000000e+06 2.097740399999999713e-32
1.380380000000000000e+06 2.145557399999999860e-32
1.445440000000000000e+06 2.194312399999999742e-32
1.513560000000000000e+06 2.244167799999999813e-32
1.584890000000000000e+06 2.294994799999999674e-32
1.659590000000000000e+06 2.346653399999999823e-32
1.737800000000000000e+06 2.399280800000000124e-32
1.819700000000000000e+06 2.452830799999999679e-32
1.905460000000000000e+06 2.507317399999999970e-32
1.995260000000000000e+06 2.563007999999999708e-32
2.089300000000000000e+06 2.619674399999999792e-32
2.187760000000000000e+06 2.677369799999999945e-32
2.290870000000000000e+06 2.736040999999999897e-32
2.398830000000000000e+06 2.795911999999999836e-32
2.511890000000000000e+06 2.856917000000000019e-32
2.630270000000000000e+06 2.918733999999999728e-32
2.754230000000000000e+06 2.982195999999999617e-32
2.884030000000000000e+06 3.046301999999999848e-32
3.019950000000000000e+06 3.111737999999999737e-32
3.162280000000000000e+06 3.178587999999999969e-32
3.311310000000000000e+06 3.246418000000000007e-32
3.467370000000000000e+06 3.315745999999999981e-32
3.630780000000000000e+06 3.385899999999999869e-32
3.801890000000000000e+06 3.457299999999999823e-32
3.981070000000000000e+06 3.530393999999999674e-32
4.168690000000000000e+06 3.604552000000000017e-32
4.365160000000000000e+06 3.680278000000000048e-32
4.570880000000000000e+06 3.757123999999999935e-32
4.786300000000000000e+06 3.835342000000000096e-32
5.011870000000000000e+06 3.914959999999999666e-32
5.248070000000000000e+06 3.995585999999999817e-32
5.495410000000000000e+06 4.078368000000000087e-32
5.754400000000000000e+06 4.161990000000000112e-32
6.025600000000000000e+06 4.247110000000000073e-32
6.309570000000000000e+06 4.334259999999999944e-32
6.606930000000000000e+06 4.422753999999999860e-32
6.918310000000000000e+06 4.512382000000000019e-32
7.244360000000000000e+06 4.604138000000000068e-32
7.585780000000000000e+06 4.696775999999999942e-32
7.943280000000000000e+06 4.791779999999999736e-32
8.317640000000000000e+06 4.887833999999999634e-32
8.709640000000000000e+06 4.985623999999999500e-32
9.120110000000000000e+06 5.085275999999999543e-32
9.549930000000000000e+06 5.187111999999999933e-32
1.000000000000000000e+07 5.289703999999999391e-32
1.047130000000000000e+07 5.394969999999999647e-32
1.096480000000000000e+07 5.501495999999999808e-32
1.148150000000000000e+07 5.609673999999999797e-32
1.202260000000000000e+07 5.719615999999999435e-32
1.258930000000000000e+07 5.832385999999999762e-32
1.318260000000000000e+07 5.946415999999999995e-32
1.380380000000000000e+07 6.062349999999999380e-32
1.445440000000000000e+07 6.180173999999999718e-32
1.513560000000000000e+07 6.300168000000000016e-32
1.584890000000000000e+07 6.421785999999999365e-32
1.659590000000000000e+07 6.545727999999999660e-32
1.737800000000000000e+07 6.672273999999999906e-32
1.819700000000000000e+07 6.800149999999999809e-32
1.905460000000000000e+07 6.930503999999999454e-32
1.995260000000000000e+07 7.063097999999999904e-32
2.089300000000000000e+07 7.197861999999999220e-32
2.187760000000000000e+07 7.334193999999999318e-32
2.290870000000000000e+07 7.473283999999999258e-32
2.398830000000000000e+07 7.615047999999999996e-32
2.511890000000000000e+07 7.758884000000000166e-32
2.630270000000000000e+07 7.905085999999999161e-32
2.754230000000000000e+07 8.053499999999999280e-32
2.884030000000000000e+07 8.204279999999999320e-32
3.019950000000000000e+07 8.357369999999999917e-32
3.162280000000000000e+07 8.513749999999999781e-32
3.311310000000000000e+07 8.671726000000000110e-32
3.467370000000000000e+07 8.832852000000000203e-32
3.630780000000000000e+07 8.996175999999999938e-32
3.801890000000000000e+07 9.162649999999999437e-32
3.981070000000000000e+07 9.331839999999999803e-32
4.168690000000000000e+07 9.503241999999999104e-32
4.365160000000000000e+07 9.678018000000000001e-32
4.570880000000000000e+07 9.855285999999999934e-32
4.786300000000000000e+07 1.003529800000000042e-31
5.011870000000000000e+07 1.021826399999999961e-31
5.248070000000000000e+07 1.040391799999999889e-31
5.495410000000000000e+07 1.059360400000000049e-31
5.754400000000000000e+07 1.078474599999999868e-31
6.025600000000000000e+07 1.098012999999999955e-31
6.309570000000000000e+07 1.117843999999999944e-31
6.606930000000000000e+07 1.137893399999999859e-31
6.918310000000000000e+07 1.158369799999999899e-31
7.244360000000000000e+07 1.179145799999999927e-31
7.585780000000000000e+07 1.200207399999999992e-31
7.943280000000000000e+07 1.221630200000000001e-31
8.317640000000000000e+07 1.243436599999999918e-31
8.709640000000000000e+07 1.265501999999999901e-31
9.120110000000000000e+07 1.287878199999999963e-31
9.549930000000000000e+07 1.310628199999999989e-31
1.000000000000000000e+08 1.333831799999999894e-31
1.047130000000000000e+08 1.357297199999999942e-31
1.096480000000000000e+08 1.381300200000000009e-31
1.148150000000000000e+08 1.405422199999999981e-31
1.202260000000000000e+08 1.430059400000000008e-31
1.258930000000000000e+08 1.455063399999999914e-31
1.318260000000000000e+08 1.480434199999999920e-31
1.380380000000000000e+08 1.506153599999999848e-31
1.445440000000000000e+08 1.532347599999999909e-31
1.513560000000000000e+08 1.558899999999999836e-31
1.584890000000000000e+08 1.585891999999999911e-31
1.659590000000000000e+08 1.613287199999999998e-31
1.737800000000000000e+08 1.641087000000000029e-31
1.819700000000000000e+08 1.669355800000000037e-31
1.905460000000000000e+08 1.698033399999999995e-31
1.995260000000000000e+08 1.727107199999999882e-31
2.089300000000000000e+08 1.756553400000000023e-31
2.187760000000000000e+08 1.786605800000000005e-31
2.290870000000000000e+08 1.817045999999999902e-31
2.398830000000000000e+08 1.847948199999999910e-31
2.511890000000000000e+08 1.879247999999999995e-31
2.630270000000000000e+08 1.911110599999999922e-31
2.754230000000000000e+08 1.943463199999999860e-31
2.884030000000000000e+08 1.976202200000000003e-31
3.019950000000000000e+08 2.009397599999999884e-31
3.162280000000000000e+08 2.043140399999999945e-31
3.311310000000000000e+08 2.077425000000000031e-31
3.467370000000000000e+08 2.112371799999999759e-31
3.630780000000000000e+08 2.147549599999999870e-31
3.801890000000000000e+08 2.183411999999999807e-31
3.981070000000000000e+08 2.219824599999999782e-31
4.168690000000000000e+08 2.256655799999999870e-31
4.365160000000000000e+08 2.294052599999999877e-31
4.570880000000000000e+08 2.332027599999999823e-31
4.786300000000000000e+08 2.370632599999999942e-31
5.011870000000000000e+08 2.409681399999999776e-31
5.248070000000000000e+08 2.449467999999999816e-31
5.495410000000000000e+08 2.489733399999999776e-31
5.754400000000000000e+08 2.530539200000000051e-31
6.025600000000000000e+08 2.572084199999999803e-31
6.309570000000000000e+08 2.614134600000000104e-31
6.606930000000000000e+08 2.656840199999999743e-31
6.918310000000000000e+08 2.700073600000000114e-31
7.244360000000000000e+08 2.743929999999999915e-31
7.585780000000000000e+08 2.788513000000000048e-31
7.943280000000000000e+08 2.833698000000000015e-31
8.317640000000000000e+08 2.879562000000000090e-31
8.709640000000000000e+08 2.926140000000000038e-31
9.120110000000000000e+08 2.973221999999999948e-31
9.549930000000000000e+08 3.021017999999999732e-31
1.000000000000000000e+09 3.069611999999999967e-31
1.047130000000000000e+09 3.118779999999999697e-31
1.096480000000000000e+09 3.168745999999999878e-31
1.148150000000000000e+09 3.219201999999999852e-31
1.202260000000000000e+09 3.270665999999999751e-31
1.258930000000000000e+09 3.322956000000000002e-31
1.318260000000000000e+09 3.375624000000000005e-31
1.380380000000000000e+09 3.429369999999999904e-31
1.445440000000000000e+09 3.483731999999999805e-31
1.513560000000000000e+09 3.538541999999999867e-31
1.584890000000000000e+09 3.594639999999999736e-31
1.659590000000000000e+09 3.651311999999999975e-31
1.737800000000000000e+09 3.708879999999999661e-31
1.819700000000000000e+09 3.767050000000000056e-31
1.905460000000000000e+09 3.826200000000000037e-31
1.995260000000000000e+09 3.886133999999999862e-31
2.089300000000000000e+09 3.946908000000000209e-31
2.187760000000000000e+09 4.008423999999999453e-31
2.290870000000000000e+09 4.070807999999999558e-31
2.398830000000000000e+09 4.134172000000000124e-31
2.511890000000000000e+09 4.198165999999999986e-31
2.630270000000000000e+09 4.263251999999999913e-31
2.754230000000000000e+09 4.328995999999999474e-31
2.884030000000000000e+09 4.396027999999999717e-31
3.019950000000000000e+09 4.463843999999999804e-31
3.162280000000000000e+09 4.532290000000000064e-31
3.311310000000000000e+09 4.602164000000000070e-31
3.467370000000000000e+09 4.672779999999999851e-31
3.630780000000000000e+09 4.744263999999999615e-31
3.801890000000000000e+09 4.816896000000000121e-31
3.981070000000000000e+09 4.890326000000000202e-31
4.168690000000000000e+09 4.964805999999999402e-31
4.365160000000000000e+09 5.040363999999999811e-31
4.570880000000000000e+09 5.117041999999999747e-31
4.786300000000000000e+09 5.194251999999999983e-31
5.011870000000000000e+09 5.272987999999999838e-31
5.248070000000000000e+09 5.352704000000000155e-31
5.495410000000000000e+09 5.433455999999999859e-31
5.754400000000000000e+09 5.515033999999999477e-31
6.025600000000000000e+09 5.597899999999999777e-31
6.309570000000000000e+09 5.681913999999999943e-31
6.606930000000000000e+09 5.766796000000000092e-31
6.918310000000000000e+09 5.852895999999999640e-31
7.244360000000000000e+09 5.940157999999999660e-31
7.585780000000000000e+09 6.028665999999999417e-31
7.943280000000000000e+09 6.118126000000000173e-31
8.317640000000000000e+09 6.208551999999999908e-31
8.709640000000000000e+09 6.300280000000000056e-31
9.120110000000000000e+09 6.393309999999999743e-31
9.549930000000000000e+09 6.487389999999999424e-31
1.000000000000000000e+10 6.582939999999999797e-31
1.047130000000000000e+10 6.679329999999999816e-31
1.096480000000000000e+10 6.777189999999999652e-31
1.148150000000000000e+10 6.876072000000000020e-31
1.202260000000000000e+10 6.976353999999999797e-31
1.258930000000000000e+10 7.077798000000000046e-31
1.318260000000000000e+10 7.180488000000000032e-31
1.380380000000000000e+10 7.284157999999999604e-31
1.445440000000000000e+10 7.389437999999999810e-31
1.513560000000000000e+10 7.496159999999999494e-31
1.584890000000000000e+10 7.603637999999999560e-31
1.659590000000000000e+10 7.712767999999999454e-31
1.737800000000000000e+10 7.823017999999999750e-31
1.819700000000000000e+10 7.934639999999999993e-31
1.905460000000000000e+10 8.047802000000000461e-31
1.995260000000000000e+10 8.161622000000000563e-31
2.089300000000000000e+10 8.277233999999999558e-31
2.187760000000000000e+10 8.394077999999999435e-31
2.290870000000000000e+10 8.512041999999998838e-31
2.398830000000000000e+10 8.631364000000000208e-31
2.511890000000000000e+10 8.752183999999999106e-31
2.630270000000000000e+10 8.874068000000000357e-31
2.754230000000000000e+10 8.997492000000000083e-31
2.884030000000000000e+10 9.122162000000000420e-31
3.019950000000000000e+10 9.248400000000000446e-31
3.162280000000000000e+10 9.375351999999999031e-31
3.311310000000000000e+10 9.503927999999999733e-31
3.467370000000000000e+10 9.633679999999998888e-31
3.630780000000000000e+10 9.765167999999999762e-31
3.801890000000000000e+10 9.897719999999999486e-31
3.981070000000000000e+10 1.003146199999999914e-30
4.168690000000000000e+10 1.016587599999999992e-30
4.365160000000000000e+10 1.030248799999999881e-30
4.570880000000000000e+10 1.043999599999999977e-30
4.786300000000000000e+10 1.057858199999999931e-30
5.011870000000000000e+10 1.071832999999999932e-30
5.248070000000000000e+10 1.085935199999999941e-30
5.495410000000000000e+10 1.100154999999999970e-30
5.754400000000000000e+10 1.114488199999999925e-30
6.025600000000000000e+10 1.128941800000000022e-30
6.309570000000000000e+10 1.143493399999999990e-30
6.606930000000000000e+10 1.158183599999999925e-30
6.918310000000000000e+10 1.172929800000000013e-30
7.244360000000000000e+10 1.187810399999999973e-30
7.585780000000000000e+10 1.202797399999999993e-30
7.943280000000000000e+10 1.217885200000000006e-30
8.317640000000000000e+10 1.233062599999999876e-30
8.709640000000000000e+10 1.248248399999999936e-30
9.120110000000000000e+10 1.263623199999999871e-30
9.549930000000000000e+10 1.279018999999999929e-30
1.000000000000000000e+11 1.294493199999999884e-30
1.047130000000000000e+11 1.310052799999999952e-30
1.096480000000000000e+11 1.325714599999999985e-30
1.148150000000000000e+11 1.341388999999999952e-30
1.202260000000000000e+11 1.357152999999999951e-30
1.258930000000000000e+11 1.372959000000000019e-30
1.318260000000000000e+11 1.388801399999999915e-30
1.380380000000000000e+11 1.404720799999999910e-30
1.445440000000000000e+11 1.420684999999999920e-30
1.513560000000000000e+11 1.436630999999999930e-30
1.584890000000000000e+11 1.452624599999999902e-30
1.659590000000000000e+11 1.468632199999999956e-30
1.737800000000000000e+11 1.484648200000000023e-30
1.819700000000000000e+11 1.500668400000000010e-30
1.905460000000000000e+11 1.516688599999999997e-30
1.995260000000000000e+11 1.532746599999999960e-30
2.089300000000000000e+11 1.548728999999999972e-30
2.187760000000000000e+11 1.564728200000000011e-30
2.290870000000000000e+11 1.580720400000000010e-30
2.398830000000000000e+11 1.596632799999999789e-30
2.511890000000000000e+11 1.612525599999999943e-30
2.630270000000000000e+11 1.628372200000000109e-30
2.754230000000000000e+11 1.644187999999999814e-30
2.884030000000000000e+11 1.659886200000000025e-30
3.019950000000000000e+11 1.675573200000000100e-30
3.162280000000000000e+11 1.691127200000000100e-30
3.311310000000000000e+11 1.706661599999999776e-30
3.467370000000000000e+11 1.722096599999999782e-30
3.630780000000000000e+11 1.737444800000000053e-30
3.801890000000000000e+11 1.752650199999999911e-30
3.981070000000000000e+11 1.767806599999999834e-30
4.168690000000000000e+11 1.782828599999999883e-30
4.365160000000000000e+11 1.797711999999999965e-30
4.570880000000000000e+11 1.812503000000000068e-30
4.786300000000000000e+11 1.827191799999999856e-30
5.011870000000000000e+11 1.841688799999999996e-30
5.248070000000000000e+11 1.856077999999999927e-30
5.495410000000000000e+11 1.870310400000000065e-30
5.754400000000000000e+11 1.884399999999999790e-30
6.025600000000000000e+11 1.898349600000000100e-30
6.309570000000000000e+11 1.912131199999999780e-30
6.606930000000000000e+11 1.925765800000000003e-30
6.918310000000000000e+11 1.939235199999999894e-30
7.244360000000000000e+11 1.952542200000000099e-30
7.585780000000000000e+11 1.965654600000000009e-30
7.943280000000000000e+11 1.978610199999999775e-30
8.317640000000000000e+11 1.991418800000000085e-30
8.709640000000000000e+11 2.003986599999999761e-30
9.120110000000000000e+11 2.016418599999999765e-30
9.549930000000000000e+11 2.028629399999999811e-30
1.000000000000000000e+12 2.028629399999999811e-30
