1.000000000000000000e+02 4.496555000000000556e-36
1.047129999999999939e+02 4.731188000000000271e-36
1.096479999999999961e+02 4.977853999999999438e-36
1.148149999999999977e+02 5.235334999999999724e-36
1.202259999999999991e+02 5.506080999999999948e-36
1.258930000000000007e+02 5.788993000000000044e-36
1.318259999999999934e+02 6.086038000000000011e-36
1.380380000000000109e+02 6.396907999999999224e-36
1.445440000000000111e+02 6.722323999999998383e-36
1.513559999999999945e+02 7.063182000000000393e-36
1.584890000000000043e+02 7.420398999999999361e-36
1.659590000000000032e+02 7.794269000000000440e-36
1.737800000000000011e+02 8.186723999999998908e-36
1.819699999999999989e+02 8.595971999999999647e-36
1.905459999999999923e+02 9.027213999999998501e-36
1.995260000000000105e+02 9.477545000000000138e-36
2.089300000000000068e+02 9.948357999999999750e-36
2.187760000000000105e+02 1.044168299999999968e-35
2.290869999999999891e+02 1.095890600000000072e-35
2.398830000000000098e+02 1.149948800000000012e-35
2.511889999999999930e+02 1.206649499999999927e-35
2.630269999999999868e+02 1.266069699999999907e-35
2.754230000000000018e+02 1.328221300000000044e-35
2.884030000000000200e+02 1.393252699999999923e-35
3.019950000000000045e+02 1.461416600000000076e-35
3.162280000000000086e+02 1.532838300000000138e-35
3.311309999999999718e+02 1.607296600000000016e-35
3.467370000000000232e+02 1.685318599999999971e-35
3.630779999999999745e+02 1.767296299999999919e-35
3.801890000000000214e+02 1.852752999999999605e-35
3.981070000000000277e+02 1.942345999999999814e-35
4.168690000000000282e+02 2.036236999999999904e-35
4.365160000000000196e+02 2.134411999999999859e-35
4.570880000000000223e+02 2.237283999999999888e-35
4.786299999999999955e+02 2.344922999999999805e-35
5.011870000000000118e+02 2.457238000000000039e-35
5.248070000000000164e+02 2.575026999999999907e-35
5.495410000000000537e+02 2.698318000000000243e-35
5.754400000000000546e+02 2.827159999999999769e-35
6.025599999999999454e+02 2.961937999999999729e-35
6.309569999999999936e+02 3.103296000000000332e-35
6.606929999999999836e+02 3.250569000000000009e-35
6.918310000000000173e+02 3.405254999999999954e-35
7.244360000000000355e+02 3.566744999999999732e-35
7.585779999999999745e+02 3.735613000000000005e-35
7.943279999999999745e+02 3.912229999999999864e-35
8.317640000000000100e+02 4.097029999999999811e-35
8.709640000000000555e+02 4.290425999999999519e-35
9.120109999999999673e+02 4.493110999999999522e-35
9.549930000000000518e+02 4.703684999999999274e-35
1.000000000000000000e+03 4.924646999999999786e-35
1.047130000000000109e+03 5.155415999999999051e-35
1.096480000000000018e+03 5.396965000000000065e-35
1.148150000000000091e+03 5.649378000000000784e-35
1.202259999999999991e+03 5.912892999999999881e-35
1.258930000000000064e+03 6.188594999999998874e-35
1.318259999999999991e+03 6.475881999999999742e-35
1.380380000000000109e+03 6.776615999999999822e-35
1.445440000000000055e+03 7.090173999999998663e-35
1.513559999999999945e+03 7.418585999999999140e-35
1.584890000000000100e+03 7.761809999999999603e-35
1.659589999999999918e+03 8.120209999999998334e-35
1.737799999999999955e+03 8.495032000000000510e-35
1.819700000000000045e+03 8.884399999999999693e-35
1.905460000000000036e+03 9.291351999999999921e-35
1.995259999999999991e+03 9.717057000000000672e-35
2.089300000000000182e+03 1.016086399999999826e-34
2.187760000000000218e+03 1.062359900000000057e-34
2.290869999999999891e+03 1.110470199999999843e-34
2.398829999999999927e+03 1.160933200000000071e-34
2.511889999999999873e+03 1.213542399999999943e-34
2.630269999999999982e+03 1.268138200000000022e-34
2.754230000000000018e+03 1.325243499999999869e-34
2.884030000000000200e+03 1.384829599999999799e-34
3.019949999999999818e+03 1.446918899999999838e-34
3.162280000000000200e+03 1.511523299999999866e-34
3.311309999999999945e+03 1.578709299999999879e-34
3.467369999999999891e+03 1.648882900000000025e-34
3.630780000000000200e+03 1.721901999999999900e-34
3.801889999999999873e+03 1.797837999999999639e-34
3.981070000000000164e+03 1.877336999999999800e-34
4.168689999999999600e+03 1.959677999999999713e-34
4.365159999999999854e+03 2.045351000000000264e-34
4.570880000000000109e+03 2.134551999999999753e-34
4.786300000000000182e+03 2.227322999999999620e-34
5.011869999999999891e+03 2.323719999999999501e-34
5.248069999999999709e+03 2.424086000000000167e-34
5.495409999999999854e+03 2.528490999999999880e-34
5.754399999999999636e+03 2.636725000000000002e-34
6.025600000000000364e+03 2.749431999999999780e-34
6.309569999999999709e+03 2.866121999999999823e-34
6.606930000000000291e+03 2.987648999999999728e-34
6.918310000000000400e+03 3.113620999999999897e-34
7.244359999999999673e+03 3.243995999999999748e-34
7.585779999999999745e+03 3.379977999999999601e-34
7.943279999999999745e+03 3.520663999999999749e-34
8.317639999999999418e+03 3.667327999999999632e-34
8.709639999999999418e+03 3.818835999999999759e-34
9.120110000000000582e+03 3.976174999999999719e-34
9.549930000000000291e+03 4.138421000000000797e-34
1.000000000000000000e+04 4.307736999999999662e-34
1.047129999999999927e+04 4.482344999999999288e-34
1.096479999999999927e+04 4.662433999999999304e-34
1.148150000000000000e+04 4.850488999999999853e-34
1.202260000000000036e+04 5.044325999999999696e-34
1.258929999999999927e+04 5.244925000000000179e-34
1.318260000000000036e+04 5.453020999999999102e-34
1.380379999999999927e+04 5.667437999999999813e-34
1.445439999999999964e+04 5.888938999999999931e-34
1.513560000000000036e+04 6.118615999999999220e-34
1.584889999999999964e+04 6.355453999999999128e-34
1.659590000000000146e+04 6.601049000000000426e-34
1.737800000000000000e+04 6.853307999999999578e-34
1.819700000000000000e+04 7.115199000000000436e-34
1.905459999999999854e+04 7.384530999999999242e-34
1.995259999999999854e+04 7.662605999999999530e-34
2.089300000000000000e+04 7.950698000000001594e-34
2.187759999999999854e+04 8.247609999999999509e-34
2.290870000000000073e+04 8.553832000000000362e-34
2.398829999999999927e+04 8.869063000000000117e-34
2.511890000000000146e+04 9.194359999999999620e-34
2.630270000000000073e+04 9.528826999999997837e-34
2.754229999999999927e+04 9.874745999999998790e-34
2.884029999999999927e+04 1.023107399999999812e-33
3.019950000000000000e+04 1.059526299999999867e-33
3.162279999999999927e+04 1.097273099999999952e-33
3.311309999999999854e+04 1.136076199999999945e-33
3.467369999999999709e+04 1.176040599999999852e-33
3.630780000000000291e+04 1.217132699999999889e-33
3.801890000000000146e+04 1.259491800000000094e-33
3.981069999999999709e+04 1.302800099999999962e-33
4.168690000000000146e+04 1.347536400000000152e-33
4.365159999999999854e+04 1.393539699999999656e-33
4.570880000000000291e+04 1.440714100000000034e-33
4.786300000000000000e+04 1.489219899999999822e-33
5.011869999999999709e+04 1.539045200000000207e-33
5.248069999999999709e+04 1.590171799999999939e-33
5.495409999999999854e+04 1.642767000000000072e-33
5.754400000000000000e+04 1.696709000000000028e-33
6.025600000000000000e+04 1.752218999999999740e-33
6.309569999999999709e+04 1.808799999999999864e-33
6.606930000000000291e+04 1.867060999999999703e-33
6.918310000000000582e+04 1.927065000000000046e-33
7.244360000000000582e+04 1.988566999999999916e-33
7.585780000000000291e+04 2.051594999999999814e-33
7.943280000000000291e+04 2.116022999999999873e-33
8.317639999999999418e+04 2.182334000000000213e-33
8.709639999999999418e+04 2.250163999999999429e-33
9.120110000000000582e+04 2.319562000000000113e-33
9.549930000000000291e+04 2.390765999999999695e-33
1.000000000000000000e+05 2.463650000000000017e-33
1.047130000000000000e+05 2.538367999999999741e-33
1.096480000000000000e+05 2.614912999999999766e-33
1.148150000000000000e+05 2.693011999999999296e-33
1.202260000000000000e+05 2.773407000000000021e-33
1.258930000000000000e+05 2.855460999999999742e-33
1.318260000000000000e+05 2.939762000000000120e-33
1.380380000000000000e+05 3.025533000000000206e-33
1.445440000000000000e+05 3.113417999999999930e-33
1.513560000000000000e+05 3.203374999999999907e-33
1.584890000000000000e+05 3.295649000000000088e-33
1.659590000000000000e+05 3.389518999999999502e-33
1.737800000000000000e+05 3.485951000000000439e-33
1.819700000000000000e+05 3.584139999999999736e-33
1.905460000000000000e+05 3.685030999999999650e-33
1.995260000000000000e+05 3.787776999999999683e-33
2.089300000000000000e+05 3.892966000000000130e-33
2.187760000000000000e+05 4.000723999999999831e-33
2.290870000000000000e+05 4.111044000000000372e-33
2.398830000000000000e+05 4.223407999999999294e-33
2.511890000000000000e+05 4.338047000000000403e-33
2.630270000000000000e+05 4.455044999999999732e-33
2.754230000000000000e+05 4.574808000000000467e-33
2.884030000000000000e+05 4.696797000000000798e-33
3.019950000000000000e+05 4.822236999999999798e-33
3.162280000000000000e+05 4.949531999999999601e-33
3.311310000000000000e+05 5.079837000000000077e-33
3.467370000000000000e+05 5.212514999999999709e-33
3.630780000000000000e+05 5.348643999999998694e-33
3.801890000000000000e+05 5.487033999999998931e-33
3.981070000000000000e+05 5.628517999999999979e-33
4.168690000000000000e+05 5.773208000000000428e-33
4.365160000000000000e+05 5.920516000000000669e-33
4.570880000000000000e+05 6.070876000000000969e-33
4.786300000000000000e+05 6.224316000000001144e-33
5.011870000000000000e+05 6.380996999999998954e-33
5.248070000000000000e+05 6.540821000000000167e-33
5.495410000000000000e+05 6.702801000000000403e-33
5.754400000000000000e+05 6.869386999999999176e-33
6.025600000000000000e+05 7.039123000000000450e-33
6.309570000000000000e+05 7.212498999999998654e-33
6.606930000000000000e+05 7.388394999999999681e-33
6.918310000000000000e+05 7.568490999999999481e-33
7.244360000000000000e+05 7.752171000000000680e-33
7.585780000000000000e+05 7.939021999999998941e-33
7.943280000000000000e+05 8.129176999999999048e-33
8.317640000000000000e+05 8.323804999999999750e-33
8.709640000000000000e+05 8.522143000000000692e-33
9.120110000000000000e+05 8.724169999999999102e-33
9.549930000000000000e+05 8.930334000000001655e-33
1.000000000000000000e+06 9.140803000000000419e-33
1.047130000000000000e+06 9.355408999999999221e-33
1.096480000000000000e+06 9.572814999999999029e-33
1.148150000000000000e+06 9.795331000000000949e-33
1.202260000000000000e+06 1.002197699999999970e-32
1.258930000000000000e+06 1.025243100000000114e-32
1.318260000000000000e+06 1.048870199999999856e-32
1.380380000000000000e+06 1.072778699999999930e-32
1.445440000000000000e+06 1.097156199999999871e-32
1.513560000000000000e+06 1.122083899999999906e-32
1.584890000000000000e+06 1.147497399999999837e-32
1.659590000000000000e+06 1.173326699999999912e-32
1.737800000000000000e+06 1.199640400000000062e-32
1.819700000000000000e+06 1.226415399999999839e-32
1.905460000000000000e+06 1.253658699999999985e-32
1.995260000000000000e+06 1.281503999999999854e-32
2.089300000000000000e+06 1.309837199999999896e-32
2.187760000000000000e+06 1.338684899999999973e-32
2.290870000000000000e+06 1.368020499999999948e-32
2.398830000000000000e+06 1.397955999999999918e-32
2.511890000000000000e+06 1.428458500000000009e-32
2.630270000000000000e+06 1.459366999999999864e-32
2.754230000000000000e+06 1.491097999999999809e-32
2.884030000000000000e+06 1.523150999999999924e-32
3.019950000000000000e+06 1.555868999999999868e-32
3.162280000000000000e+06 1.589293999999999985e-32
3.311310000000000000e+06 1.623209000000000003e-32
3.467370000000000000e+06 1.657872999999999991e-32
3.630780000000000000e+06 1.692949999999999935e-32
3.801890000000000000e+06 1.728649999999999911e-32
3.981070000000000000e+06 1.765196999999999837e-32
4.168690000000000000e+06 1.802276000000000008e-32
4.365160000000000000e+06 1.840139000000000024e-32
4.570880000000000000e+06 1.878561999999999967e-32
4.786300000000000000e+06 1.917671000000000048e-32
5.011870000000000000e+06 1.957479999999999833e-32
5.248070000000000000e+06 1.997792999999999909e-32
5.495410000000000000e+06 2.039184000000000044e-32
5.754400000000000000e+06 2.080995000000000056e-32
6.025600000000000000e+06 2.123555000000000037e-32
6.309570000000000000e+06 2.167129999999999972e-32
6.606930000000000000e+06 2.211376999999999930e-32
6.918310000000000000e+06 2.256191000000000010e-32
7.244360000000000000e+06 2.302069000000000034e-32
7.585780000000000000e+06 2.348387999999999971e-32
7.943280000000000000e+06 2.395889999999999868e-32
8.317640000000000000e+06 2.443916999999999817e-32
8.709640000000000000e+06 2.492811999999999750e-32
9.120110000000000000e+06 2.542637999999999771e-32
9.549930000000000000e+06 2.593555999999999967e-32
1.000000000000000000e+07 2.644851999999999696e-32
1.047130000000000000e+07 2.697484999999999823e-32
1.096480000000000000e+07 2.750747999999999904e-32
1.148150000000000000e+07 2.804836999999999898e-32
1.202260000000000000e+07 2.859807999999999718e-32
1.258930000000000000e+07 2.916192999999999881e-32
1.318260000000000000e+07 2.973207999999999998e-32
1.380380000000000000e+07 3.031174999999999690e-32
1.445440000000000000e+07 3.090086999999999859e-32
1.513560000000000000e+07 3.150084000000000008e-32
1.584890000000000000e+07 3.210892999999999683e-32
1.659590000000000000e+07 3.272863999999999830e-32
1.737800000000000000e+07 3.336136999999999953e-32
1.819700000000000000e+07 3.400074999999999904e-32
1.905460000000000000e+07 3.465251999999999727e-32
1.995260000000000000e+07 3.531548999999999952e-32
2.089300000000000000e+07 3.598930999999999610e-32
2.187760000000000000e+07 3.667096999999999659e-32
2.290870000000000000e+07 3.736641999999999629e-32
2.398830000000000000e+07 3.807523999999999998e-32
2.511890000000000000e+07 3.879442000000000083e-32
2.630270000000000000e+07 3.952542999999999581e-32
2.754230000000000000e+07 4.026749999999999640e-32
2.884030000000000000e+07 4.102139999999999660e-32
3.019950000000000000e+07 4.178684999999999958e-32
3.162280000000000000e+07 4.256874999999999891e-32
3.311310000000000000e+07 4.335863000000000055e-32
3.467370000000000000e+07 4.416426000000000102e-32
3.630780000000000000e+07 4.498087999999999969e-32
3.801890000000000000e+07 4.581324999999999718e-32
3.981070000000000000e+07 4.665919999999999901e-32
4.168690000000000000e+07 4.751620999999999552e-32
4.365160000000000000e+07 4.839009000000000000e-32
4.570880000000000000e+07 4.927642999999999967e-32
4.786300000000000000e+07 5.017649000000000208e-32
5.011870000000000000e+07 5.109131999999999803e-32
5.248070000000000000e+07 5.201958999999999443e-32
5.495410000000000000e+07 5.296802000000000247e-32
5.754400000000000000e+07 5.392372999999999342e-32
6.025600000000000000e+07 5.490064999999999774e-32
6.309570000000000000e+07 5.589219999999999721e-32
6.606930000000000000e+07 5.689466999999999293e-32
6.918310000000000000e+07 5.791848999999999496e-32
7.244360000000000000e+07 5.895728999999999637e-32
7.585780000000000000e+07 6.001036999999999962e-32
7.943280000000000000e+07 6.108151000000000006e-32
8.317640000000000000e+07 6.217182999999999591e-32
8.709640000000000000e+07 6.327509999999999505e-32
9.120110000000000000e+07 6.439390999999999813e-32
9.549930000000000000e+07 6.553140999999999945e-32
1.000000000000000000e+08 6.669158999999999470e-32
1.047130000000000000e+08 6.786485999999999711e-32
1.096480000000000000e+08 6.906501000000000044e-32
1.148150000000000000e+08 7.027110999999999907e-32
1.202260000000000000e+08 7.150297000000000039e-32
1.258930000000000000e+08 7.275316999999999572e-32
1.318260000000000000e+08 7.402170999999999600e-32
1.380380000000000000e+08 7.530767999999999242e-32
1.445440000000000000e+08 7.661737999999999547e-32
1.513560000000000000e+08 7.794499999999999182e-32
1.584890000000000000e+08 7.929459999999999553e-32
1.659590000000000000e+08 8.066435999999999992e-32
1.737800000000000000e+08 8.205435000000000146e-32
1.819700000000000000e+08 8.346779000000000186e-32
1.905460000000000000e+08 8.490166999999999975e-32
1.995260000000000000e+08 8.635535999999999410e-32
2.089300000000000000e+08 8.782767000000000116e-32
2.187760000000000000e+08 8.933029000000000024e-32
2.290870000000000000e+08 9.085229999999999508e-32
2.398830000000000000e+08 9.239740999999999548e-32
2.511890000000000000e+08 9.396239999999999975e-32
2.630270000000000000e+08 9.555552999999999608e-32
2.754230000000000000e+08 9.717315999999999301e-32
2.884030000000000000e+08 9.881011000000000017e-32
3.019950000000000000e+08 1.004698799999999942e-31
3.162280000000000000e+08 1.021570199999999972e-31
3.311310000000000000e+08 1.038712500000000015e-31
3.467370000000000000e+08 1.056185899999999879e-31
3.630780000000000000e+08 1.073774799999999935e-31
3.801890000000000000e+08 1.091705999999999903e-31
3.981070000000000000e+08 1.109912299999999891e-31
4.168690000000000000e+08 1.128327899999999935e-31
4.365160000000000000e+08 1.147026299999999938e-31
4.570880000000000000e+08 1.166013799999999912e-31
4.786300000000000000e+08 1.185316299999999971e-31
5.011870000000000000e+08 1.204840699999999888e-31
5.248070000000000000e+08 1.224733999999999908e-31
5.495410000000000000e+08 1.244866699999999888e-31
5.754400000000000000e+08 1.265269600000000025e-31
6.025600000000000000e+08 1.286042099999999902e-31
6.309570000000000000e+08 1.307067300000000052e-31
6.606930000000000000e+08 1.328420099999999872e-31
6.918310000000000000e+08 1.350036800000000057e-31
7.244360000000000000e+08 1.371964999999999957e-31
7.585780000000000000e+08 1.394256500000000024e-31
7.943280000000000000e+08 1.416849000000000008e-31
8.317640000000000000e+08 1.439781000000000045e-31
8.709640000000000000e+08 1.463070000000000019e-31
9.120110000000000000e+08 1.486610999999999974e-31
9.549930000000000000e+08 1.510508999999999866e-31
1.000000000000000000e+09 1.534805999999999983e-31
1.047130000000000000e+09 1.559389999999999848e-31
1.096480000000000000e+09 1.584372999999999939e-31
1.148150000000000000e+09 1.609600999999999926e-31
1.202260000000000000e+09 1.635332999999999876e-31
1.258930000000000000e+09 1.661478000000000001e-31
1.318260000000000000e+09 1.687812000000000003e-31
1.380380000000000000e+09 1.714684999999999952e-31
1.445440000000000000e+09 1.741865999999999902e-31
1.513560000000000000e+09 1.769270999999999934e-31
1.584890000000000000e+09 1.797319999999999868e-31
1.659590000000000000e+09 1.825655999999999988e-31
1.737800000000000000e+09 1.854439999999999831e-31
1.819700000000000000e+09 1.883525000000000028e-31
1.905460000000000000e+09 1.913100000000000019e-31
1.995260000000000000e+09 1.943066999999999931e-31
2.089300000000000000e+09 1.973454000000000104e-31
2.187760000000000000e+09 2.004211999999999727e-31
2.290870000000000000e+09 2.035403999999999779e-31
2.398830000000000000e+09 2.067086000000000062e-31
2.511890000000000000e+09 2.099082999999999993e-31
2.630270000000000000e+09 2.131625999999999956e-31
2.754230000000000000e+09 2.164497999999999737e-31
2.884030000000000000e+09 2.198013999999999858e-31
3.019950000000000000e+09 2.231921999999999902e-31
3.162280000000000000e+09 2.266145000000000032e-31
3.311310000000000000e+09 2.301082000000000035e-31
3.467370000000000000e+09 2.336389999999999925e-31
3.630780000000000000e+09 2.372131999999999808e-31
3.801890000000000000e+09 2.408448000000000061e-31
3.981070000000000000e+09 2.445163000000000101e-31
4.168690000000000000e+09 2.482402999999999701e-31
4.365160000000000000e+09 2.520181999999999905e-31
4.570880000000000000e+09 2.558520999999999873e-31
4.786300000000000000e+09 2.597125999999999992e-31
5.011870000000000000e+09 2.636493999999999919e-31
5.248070000000000000e+09 2.676352000000000077e-31
5.495410000000000000e+09 2.716727999999999929e-31
5.754400000000000000e+09 2.757516999999999738e-31
6.025600000000000000e+09 2.798949999999999889e-31
6.309570000000000000e+09 2.840956999999999971e-31
6.606930000000000000e+09 2.883398000000000046e-31
6.918310000000000000e+09 2.926447999999999820e-31
7.244360000000000000e+09 2.970078999999999830e-31
7.585780000000000000e+09 3.014332999999999708e-31
7.943280000000000000e+09 3.059063000000000086e-31
8.317640000000000000e+09 3.104275999999999954e-31
8.709640000000000000e+09 3.150140000000000028e-31
9.120110000000000000e+09 3.196654999999999871e-31
9.549930000000000000e+09 3.243694999999999712e-31
1.000000000000000000e+10 3.291469999999999899e-31
1.047130000000000000e+10 3.339664999999999908e-31
1.096480000000000000e+10 3.388594999999999826e-31
1.148150000000000000e+10 3.438036000000000010e-31
1.202260000000000000e+10 3.488176999999999898e-31
1.258930000000000000e+10 3.538899000000000023e-31
1.318260000000000000e+10 3.590244000000000016e-31
1.380380000000000000e+10 3.642078999999999802e-31
1.445440000000000000e+10 3.694718999999999905e-31
1.513560000000000000e+10 3.748079999999999747e-31
1.584890000000000000e+10 3.801818999999999780e-31
1.659590000000000000e+10 3.856383999999999727e-31
1.737800000000000000e+10 3.911508999999999875e-31
1.819700000000000000e+10 3.967319999999999996e-31
1.905460000000000000e+10 4.023901000000000230e-31
1.995260000000000000e+10 4.080811000000000282e-31
2.089300000000000000e+10 4.138616999999999779e-31
2.187760000000000000e+10 4.197038999999999717e-31
2.290870000000000000e+10 4.256020999999999419e-31
2.398830000000000000e+10 4.315682000000000104e-31
2.511890000000000000e+10 4.376091999999999553e-31
2.630270000000000000e+10 4.437034000000000179e-31
2.754230000000000000e+10 4.498746000000000041e-31
2.884030000000000000e+10 4.561081000000000210e-31
3.019950000000000000e+10 4.624200000000000223e-31
3.162280000000000000e+10 4.687675999999999516e-31
3.311310000000000000e+10 4.751963999999999867e-31
3.467370000000000000e+10 4.816839999999999444e-31
3.630780000000000000e+10 4.882583999999999881e-31
3.801890000000000000e+10 4.948859999999999743e-31
3.981070000000000000e+10 5.015730999999999572e-31
4.168690000000000000e+10 5.082937999999999961e-31
4.365160000000000000e+10 5.151243999999999403e-31
4.570880000000000000e+10 5.219997999999999883e-31
4.786300000000000000e+10 5.289290999999999653e-31
5.011870000000000000e+10 5.359164999999999660e-31
5.248070000000000000e+10 5.429675999999999704e-31
5.495410000000000000e+10 5.500774999999999850e-31
5.754400000000000000e+10 5.572440999999999625e-31
6.025600000000000000e+10 5.644709000000000109e-31
6.309570000000000000e+10 5.717466999999999949e-31
6.606930000000000000e+10 5.790917999999999627e-31
6.918310000000000000e+10 5.864649000000000063e-31
7.244360000000000000e+10 5.939051999999999864e-31
7.585780000000000000e+10 6.013986999999999967e-31
7.943280000000000000e+10 6.089426000000000032e-31
8.317640000000000000e+10 6.165312999999999382e-31
8.709640000000000000e+10 6.241241999999999678e-31
9.120110000000000000e+10 6.318115999999999355e-31
9.549930000000000000e+10 6.395094999999999646e-31
1.000000000000000000e+11 6.472465999999999420e-31
1.047130000000000000e+11 6.550263999999999759e-31
1.096480000000000000e+11 6.628572999999999925e-31
1.148150000000000000e+11 6.706944999999999759e-31
1.202260000000000000e+11 6.785764999999999753e-31
1.258930000000000000e+11 6.864795000000000097e-31
1.318260000000000000e+11 6.944006999999999576e-31
1.380380000000000000e+11 7.023603999999999548e-31
1.445440000000000000e+11 7.103424999999999602e-31
1.513560000000000000e+11 7.183154999999999650e-31
1.584890000000000000e+11 7.263122999999999510e-31
1.659590000000000000e+11 7.343160999999999778e-31
1.737800000000000000e+11 7.423241000000000117e-31
1.819700000000000000e+11 7.503342000000000052e-31
1.905460000000000000e+11 7.583442999999999987e-31
1.995260000000000000e+11 7.663732999999999799e-31
2.089300000000000000e+11 7.743644999999999858e-31
2.187760000000000000e+11 7.823641000000000056e-31
2.290870000000000000e+11 7.903602000000000051e-31
2.398830000000000000e+11 7.983163999999998943e-31
2.511890000000000000e+11 8.062627999999999717e-31
2.630270000000000000e+11 8.141861000000000544e-31
2.754230000000000000e+11 8.220939999999999072e-31
2.884030000000000000e+11 8.299431000000000125e-31
3.019950000000000000e+11 8.377866000000000501e-31
3.162280000000000000e+11 8.455636000000000501e-31
3.311310000000000000e+11 8.533307999999998878e-31
3.467370000000000000e+11 8.610482999999998911e-31
3.630780000000000000e+11 8.687224000000000265e-31
3.801890000000000000e+11 8.763250999999999556e-31
3.981070000000000000e+11 8.839032999999999169e-31
4.168690000000000000e+11 8.914142999999999417e-31
4.365160000000000000e+11 8.988559999999999826e-31
4.570880000000000000e+11 9.062515000000000342e-31
4.786300000000000000e+11 9.135958999999999279e-31
5.011870000000000000e+11 9.208443999999999978e-31
5.248070000000000000e+11 9.280389999999999635e-31
5.495410000000000000e+11 9.351552000000000324e-31
5.754400000000000000e+11 9.421999999999998949e-31
6.025600000000000000e+11 9.491748000000000498e-31
6.309570000000000000e+11 9.560655999999998898e-31
6.606930000000000000e+11 9.628829000000000017e-31
6.918310000000000000e+11 9.696175999999999471e-31
7.244360000000000000e+11 9.762711000000000493e-31
7.585780000000000000e+11 9.828273000000000043e-31
7.943280000000000000e+11 9.893050999999998874e-31
8.317640000000000000e+11 9.957094000000000423e-31
8.709640000000000000e+11 1.001993299999999880e-30
9.120110000000000000e+11 1.008209299999999883e-30
9.549930000000000000e+11 1.014314699999999905e-30
1.000000000000000000e+12 1.014314699999999905e-30
